1.28598048326
1.32786664086
1.24291106318
1.25889231871
1.2554446734
1.32604689869
1.40521727583
1.22711909388
1.31134516373
1.34554328427
1.32176092313
1.25276743546
1.34233041793
1.36792587057
1.22962182811
1.39667531666
1.39146624144
1.38458303323
1.27645048271
1.24049666713
1.31880294596
1.38268095236
1.33950460201
1.30311776518
1.24728434664
1.44384126523
1.23252335591
1.28291836482
1.23365787347
1.48381765241
1.38502777241
1.23955546582
1.23710761861
1.36391127996
1.18681758222
1.21709810714
1.43195677968
1.37460371877
1.19392716773
1.27350832283
1.36023888117
1.31004826507
1.32808948561
1.20830488666
1.43288540271
1.33446614288
1.33104699831
1.28065230056
1.16251193774
1.28835167096
1.24068040498
1.21620587952
1.29207013912
1.04301892644
1.30043547068
1.12405653902
1.25314064681
1.08200152714
1.27594467711
1.15533681528
1.27877897813
1.2007933895
1.26634989131
1.17896615092
1.33884461225
1.37808658266
1.35399461018
1.35714606481
1.31426945887
1.36545773551
1.31621425741
1.28505723949
1.30317554178
1.34463278183
1.34831179463
1.21972311248
1.4235388328
1.44307791177
1.32891625821
1.20422740504
1.22363447012
1.356368401
1.31250762064
1.33252501279
1.33934686853
1.42802906809
1.27599770036
1.24975813122
1.36886454109
1.29982793727
1.35979577962
1.41705361386
1.35348153063
1.41751570454
1.29607073047
1.30454783231
1.39048241158
1.30974209657
1.26921294654
1.27784779371
1.28885283889
1.41339317214
1.31443542505
1.24428177631
1.28779532059
1.33140363738
1.30922405908
1.43262849051
1.3551915448
1.35788044988
1.27877717479
1.30570309655
1.2661646113
1.29352106585
1.12788403124
1.31658304756
1.27058248717
1.29359378156
1.41743776467
1.34504061364
1.27533924873
1.31282415256
1.0834585289
1.1231065536
1.16363214839
1.10909863392
1.2571560276
1.12876036464
1.33442871258
1.34139287804
1.22612388775
1.22378818614
1.37992283901
1.13528816197
1.33790365245
1.25661259215
1.20493206254
1.36280541967
1.41626085643
1.2577390958
1.17668641863
1.31880130486
0.961976642741
1.42999853918
1.1550007578
1.22345039387
1.07101765685
1.19471754305
1.2461846727
1.27024245194
1.0133976741
1.38468445642
1.16012657401
1.23580686675
1.18010493896
1.27072782884
1.30621570276
1.26417773319
1.24588874775
1.22812255828
0.922225574075
1.3375232717
1.19878167502
1.357263842
1.36043497356
1.29694183583
1.36731312537
1.21257164206
1.26004000622
1.28747824649
1.16928200116
1.26930320125
1.30555797266
1.20822663107
1.07430634582
1.15303754708
1.24643010818
1.34038789763
1.25961138004
1.34548340706
1.1843380747
1.21182576847
1.19625234573
1.1317547347
1.27794940087
1.440058599
1.14836727476
1.23950117754
1.13339833151
1.29745701984
1.20459826804
1.27606883754
1.21457111135
1.19871965126
1.22644776942
1.1283493871
1.49618777938
1.35873738021
1.09688313323
1.25104557926
1.23177645877
1.34544575721
1.21041166083
1.33764014019
1.17225106438
1.26835727922
1.15637111599
1.16757193991
1.29025257296
1.20081708524
1.25197698795
1.29147934469
1.28841469947
1.39387773366
1.26057718045
1.23071551734
1.26473941313
1.31067602081
1.26838881011
1.37530188381
1.37943667762
1.39532992351
1.32443187723
1.28572836206
1.28886430092
1.04104936875
1.15076827562
1.13087760717
1.08363501512
1.61526966132
1.09273641617
1.35591240351
1.11797068833
0.970715021708
1.24353604697
1.1082933386
1.21431908959
1.10239751106
1.2339808117
1.1637042611
1.28214696985
1.19872786796
1.31653746178
1.31397703
1.17574441587
1.50193311359
1.30999681428
1.12816847003
1.44076090399
1.31746768858
1.31944860421
1.32299710941
1.31960755675
1.22687725747
1.30711348733
1.41613392456
1.20603768791
1.41643194486
1.36784935843
1.1892022166
1.32607565765
1.46896029028
1.1559689239
1.3117804
1.34465253604
1.38506129466
1.28960851128
1.39167262217
1.55202677878
1.35339452751
1.27203839535
1.04629456517
1.24958084576
1.40142759322
1.21519575223
1.28111216242
1.24588844582
1.43543123199
1.50125990017
1.23487791276
1.3509926075
1.5044537352
1.29082323987
1.21295258051
1.23376095893
1.24990946645
1.316959744
1.41130434508
1.2882132984
1.1581070629
1.33940738712
1.28950975451
1.42439358228
1.36374894345
1.36129523168
1.36688408716
1.19373403478
1.24609456362
1.23312770275
1.29061532089
1.39405565045
1.36194288738
1.33062430978
1.23811980558
1.1747221045
1.41159781993
1.15871449508
1.2844770386
1.33052030146
1.36666020757
1.45149883813
1.59163005884
1.29733837124
1.28703664576
1.2467695254
1.17513767035
1.38515814756
1.07348508
1.12393295411
1.33311509107
1.35948558903
1.23219287582
1.15154292727
1.37494421222
1.21051108264
1.32182671059
1.31357571128
1.48563684777
1.34732574848
1.13094590565
1.29039072082
1.21854293366
1.30873625812
1.31492530729
1.12818613591
1.30068069176
1.26431562825
1.40703023398
1.27075623557
1.26473110006
1.33854687858
1.27979721268
1.30116796388
1.28921864234
1.2524218319
1.44392917137
1.37204132702
1.16136623172
1.21740604292
1.39126370534
1.32873418574
1.59477098809
1.26075729842
1.21309741843
1.32996627235
1.20324944439
1.41031369613
1.34554495711
1.28421377854
1.2560411183
1.29234998545
1.4542529092
1.20691795579
1.19020917808
1.29781641392
1.32682508742
1.23806335268
1.10206540189
1.17413708107
1.39390560835
1.14370925475
1.2491874429
1.19189663148
1.37988679123
1.2249404732
1.4330992356
1.29658072472
1.1397419324
1.1018611772
1.29749826083
1.1388343963
1.19560747842
1.30455899861
1.22624430933
1.30744541448
1.33806366749
1.14784099151
1.34528907921
1.09092588075
1.16844234164
1.38748520169
1.37611374283
1.27657849758
1.2662350709
1.19062115221
1.1438997532
1.35554059007
1.35279943143
1.1819947801
1.15707205942
1.28146707098
1.28822098146
1.35991823756
1.21945164736
1.31205850744
1.47495243882
1.4076131378
1.30100222589
1.37066727544
1.31186647533
1.2821245975
1.21978176267
1.37917700668
1.26246930014
1.31939259635
1.18726761527
1.32577401553
1.29225991936
1.26239719901
1.35813836069
1.44307969248
1.30030329506
1.37972493079
1.38966876216
1.21557062035
1.250825961
1.23193685407
1.30300956573
1.14691725112
1.46079346104
1.31178419792
1.30718401367
1.14031756352
1.20917815644
1.23032528424
1.50302070692
1.3241194379
1.36885600312
1.23175353379
1.29650803073
1.23366409783
1.28109196794
1.22735745383
1.34118482849
1.20649811785
1.31999645051
1.06142911139
1.49707029595
1.22671873996
1.23810795517
1.32512760339
1.23409009731
1.218590469
1.4004898339
0.0
1.20201325014
1.21469551572
1.22797971801
1.34631657675
1.30669803031
1.33650151429
1.45060178498
1.2437501404
1.21910490992
1.38880732017
1.30630895968
1.31848713766
1.23741227415
1.26840055541
1.25498692558
1.160076555
1.38165807414
1.25911681007
1.36547264373
1.28218062529
1.09186392744
1.21740334305
1.21407539372
1.24773159507
1.24455808306
1.33712915625
1.34412689806
1.32907614883
1.29490609892
1.40601811152
1.32428686281
1.43545358424
1.3885097398
1.26964147097
1.4257447966
1.22857966167
1.40214169915
1.43521018068
1.38166726473
1.36595680202
1.35308503023
1.35281067509
1.40694241433
1.20990728082
1.35415100277
1.4017254272
1.41529591519
1.33471397418
1.37640337173
1.31836326954
1.46459077685
1.11692743719
1.26805838178
1.33831056894
1.35338649836
1.27549309693
1.35379211015
1.48821848364
1.16877831491
1.30756666191
1.3556551887
1.23148143209
1.4960265754
1.4574674835
1.27317204105
1.26730989757
1.46680389137
1.24887618778
1.35850574022
1.20656516691
1.26503761031
1.39823832833
1.3352812301
1.20718354319
1.21607865311
1.19053197033
1.38953967065
1.28947779172
1.32942861534
1.44441661503
1.30048899231
1.41796550298
1.16613313783
1.22968560246
1.25752970096
1.3648298853
1.38685244906
1.08941707744
1.19235762419
1.29075158698
1.33676425328
1.24303694106
1.29667626787
1.27154764688
1.26123216774
1.10201862016
1.32933353966
1.24580363837
1.16580308354
1.24527164697
1.07508268188
1.30351366459
1.36144581909
1.45792192052
1.21091390556
1.25565610774
1.38692869821
1.42547386047
1.35341656248
1.42367448219
1.21325991618
1.30809951662
1.28767483172
1.29589150611
1.52001826569
1.39540657497
1.34087435592
1.14189385495
1.23067843557
1.37103774933
1.38862238335
1.36149039385
1.2525072534
1.23880546425
1.20889685893
1.36884767615
1.41732673804
1.10353993176
1.50194823213
1.21757774463
1.37062192184
1.21489974647
1.22893065045
0.92955001565
1.27600570562
1.17030957097
1.33432282392
1.35814027694
1.47047984516
1.39768280538
1.28607380591
1.29881111909
1.40969834421
1.5562341177
1.48753287014
1.32192033838
1.51173457305
1.37888746989
1.45505540677
1.28898461296
1.40166990582
1.23765427317
1.35052575847
1.27580531307
1.18928146189
1.1127151699
1.19849042449
1.23335805828
1.15445360344
1.20895510156
1.21443687492
1.26428705065
1.40561639854
1.20115051081
1.39994990236
1.20625157134
1.35374689279
1.31621213591
1.33421246069
1.37386292883
1.2215088351
1.31733871565
1.10899217755
1.27202571851
1.28426148087
1.48436688716
1.43364775509
1.26060101109
1.40781743789
1.36463739541
1.33148710718
1.33315039529
1.32177416656
1.38968050087
1.22602048252
1.4419236819
1.44257780218
1.32966035136
1.23424183357
1.35798795789
1.37853754672
1.51198953675
1.40632815117
1.26670092577
1.40461255885
1.36468994018
1.27017635801
1.32816136208
1.25938787271
1.19326674426
1.28541849519
1.11754649874
1.22546001952
1.22021818694
1.1304822774
1.26349501419
1.22406602222
1.21712815539
1.29851321887
1.02933449088
1.32042374736
1.20726975894
1.10804834109
1.17068284336
1.17881647828
1.04300783037
1.08527881853
1.36639112896
1.34634362456
1.35643640344
1.29055655683
1.47423027992
1.38033844771
1.31964932111
1.28220713007
1.39969761546
1.44767728286
1.29963404736
1.36107039822
1.31183502498
1.34435151664
1.27948723231
1.37831154522
1.24012685385
1.19709300375
1.22749773531
1.32304387992
1.2744437621
1.22245476652
1.22902331397
1.54234213027
1.36090236321
1.36003049507
1.29332908347
1.39137893554
1.23465396934
1.32614189021
1.31373661048
1.49415438466
1.13318446697
1.2571039288
1.30139206302
1.25881589891
1.26488027191
1.24340419031
1.25458786559
1.20973994266
1.35136767531
1.36416286037
1.20007225209
1.32537877598
1.28721669818
1.39392971626
1.27879438432
1.25244314911
1.08093346649
1.14270095888
1.29417305551
1.01270433995
1.05883856807
1.27774277738
1.23955714406
1.20816248055
1.33470789577
1.21165434359
1.28945855729
1.1782465106
1.19563088846
1.08828271091
1.26037711108
1.22061420816
1.43270057608
1.3178336689
1.47295295099
1.32832578201
1.34856474553
1.28193704103
1.29407632373
1.3402105346
1.42193984635
1.34483234082
1.2326357861
1.4351838864
1.32772376039
1.34732062486
1.22075710189
1.42519675482
1.18252867463
1.24888101525
1.09766779457
1.04735782259
1.30609999125
1.4200133355
1.43911266243
1.36131462107
1.3887310076
1.28419036786
1.30031961898
1.41987874838
1.32496586714
1.20729121784
1.21491459144
1.34312555249
1.16116891703
1.24657867367
1.07633427272
1.20633407219
1.20639267124
1.28675495832
1.35690988958
1.34042906239
1.46395238351
1.27811172174
1.24150166871
1.27366196755
1.39880760656
1.13815284259
1.29689802592
1.29044760229
1.1449353463
1.16782517286
1.28436263752
0.979419509722
1.15586907425
1.12469180521
1.11176327908
1.16722561864
1.11516205401
1.05470606782
1.07214740487
1.13689273185
1.02656630096
1.21289105235
1.17526849215
1.28646139468
1.42830852429
1.1084884673
1.28897349777
1.22752399305
1.3909251793
1.40591111775
1.26005105896
1.13142664941
1.25495638706
1.42582718088
1.1585456012
1.27600772849
1.34468125746
1.24020375362
1.2510690169
1.31735556963
1.31899876905
1.3865547136
1.11841383759
1.39980161329
1.47619504228
1.27544509418
1.31338859604
1.23397297524
1.31231628233
1.47270642988
1.3246948179
1.26739483696
1.34089890104
1.21876257571
1.32354464669
1.28870319073
1.32192892722
1.45384422125
1.25898420515
1.25312933708
1.35016695684
1.1279550762
1.31797570921
1.20904479753
1.12642599171
1.38435774058
1.30893003442
1.19728163019
1.35529627465
1.24200563021
1.16004027014
1.19208045927
1.36824191453
1.15658545215
1.34446673785
1.37273941352
1.27764271196
1.19729330508
1.31905338967
1.3185842354
1.08700790616
1.04966438721
1.14209402298
1.31812418833
1.4526224541
1.25069460607
1.20555738468
1.26192070868
0.208591957149
0.12600301562
0.252558353589
0.209007931514
0.0
0.316090826398
0.355752975613
0.2238228792
0.155378035331
0.248573680992
0.110110619
0.0829128222509
0.179380064159
0.393332292481
0.193699715578
0.000653827598881
1.14856985995
1.22857239152
1.31708479544
1.22419890938
1.15282023913
1.39251990696
1.30551067805
1.25945684219
1.34818288777
1.24096426015
1.29124471658
1.26686313309
1.1537076974
1.27773673883
1.20126077277
1.15871003155
1.36813385306
1.11767913062
1.17345269715
1.19230276349
1.33108388335
1.08510327009
1.17160593754
1.16401295348
1.1929971123
1.16751810577
1.0702308229
1.36798104176
1.25862974486
1.03497976779
1.14305363874
1.21242348848
1.29592686288
1.34365704414
1.27272875562
1.03444784645
1.15787141825
1.19127614197
1.29626677028
1.38604283112
1.32160586091
1.29580236903
1.24637136145
1.2453562108
1.21610860314
1.24203314786
1.16580095975
1.25838199362
1.07600286749
1.28732231477
1.49621308638
1.45177533825
1.23074486896
1.32688489115
1.24721606286
1.37734388349
1.5110611171
1.25983866605
1.40318723966
1.30033368867
1.33216478103
1.23529203462
1.14711466345
1.01073396983
1.26525244251
1.15202755198
1.24556636667
1.23191496706
1.06205312063
1.34543607071
0.978049695718
1.30940860034
1.30440281948
1.24532623538
1.24229540601
1.2949374317
1.18849298834
1.05469995343
1.22430780304
1.02984441325
1.2180888675
1.28565652947
1.28870974198
1.32281038643
1.34632182343
1.42163308331
1.28757259314
1.17972857115
1.36552738986
1.19603020388
1.18573656541
1.32457587512
1.15057875223
1.16640572778
1.26465050182
1.3175390406
1.09076926263
1.49981396373
1.35435788828
1.4530279867
1.41184068188
1.30922157019
1.42144065185
1.34262222036
1.18926451634
1.4490011162
1.30746652391
1.46329957049
1.32595884353
1.31991329516
1.34110951972
1.20085317667
1.33630870029
1.23513268364
1.36545823577
1.12772573845
1.2025008222
1.17024333538
1.46615983608
1.20354402668
1.33206369952
1.36779586739
1.24654350109
1.24081864239
1.19491854423
1.16457244205
1.38302583558
1.20700769805
1.24564835955
1.3151559344
1.25639275864
1.38661824999
1.40062122327
1.29653961975
1.48815149811
1.31316114073
1.25173095494
1.34023116083
1.28271932064
1.10526367419
1.28500237901
1.29237967463
1.29773708542
1.18702058993
1.4018507445
1.32358993521
1.32945785666
1.26453148522
1.25033091933
1.35224904768
1.34499878093
1.35701036916
1.48250129983
1.36944426486
1.32371017888
1.3557689079
1.11284828186
1.31686560874
1.27369372116
1.14789024271
1.35253519335
1.13230245163
1.12337619285
1.30641899305
1.2992995926
1.25253676649
1.35023436665
1.28729090485
1.1632212961
1.36959097342
1.26987480509
1.4401799234
1.11302516802
1.43826705153
1.15482713522
1.37224379963
0.332653802203
0.356258322922
0.175401314995
1.21793374418
0.461812229253
0.401984559323
0.27691257728
0.499144075934
0.490745183588
0.237437748145
1.78152614682
1.85611302498
1.80837206609
0.360993933039
1.72686573431
1.91726029069
1.20272570507
1.11350432535
1.2552286066
1.23960375724
1.1857026427
1.07828866507
1.22155752758
1.2262719668
10
