1.18421496139
1.22259201522
1.1469125858
1.15872925731
1.15738304896
1.22019461962
1.29307665885
1.12974351266
1.2123439233
1.23716761226
1.21404638797
1.15470712284
1.23856904646
1.25503331052
1.13805853124
1.28245219902
1.27920855827
1.27391609882
1.17232627005
1.1401049869
1.21385043608
1.26910640467
1.23341574202
1.19958444807
1.14986970427
1.32852628855
1.13516765968
1.18295520961
1.13773773101
1.36486371295
1.27646246506
1.1432624126
1.13746751656
1.2567605877
1.09446294488
1.12168605547
1.31800006452
1.26711485486
1.10030826801
1.17492711314
1.25212862852
1.20694745942
1.22476921753
1.11385672467
1.31913298354
1.22958056916
1.22643190312
1.18133345022
1.07099739195
1.18628615578
1.14121321108
1.12516736638
1.18896951364
0.959547103571
1.1986909086
1.0335615639
1.153573864
0.999406322745
1.17397865458
1.07111115306
1.17755949032
1.10783348342
1.17211332167
1.09194155199
1.23345830854
1.26821007107
1.24754996861
1.25045032136
1.21069205975
1.25655321853
1.21132284798
1.18337657395
1.20086500853
1.23769404208
1.24148028935
1.12450403955
1.31039785409
1.33054979274
1.22344901758
1.10693522769
1.12895643347
1.24536737128
1.20831542054
1.2246010172
1.2290318175
1.31342001172
1.1748229792
1.14768014635
1.2577163274
1.1967193696
1.25383622437
1.3034525725
1.24764109866
1.30535772861
1.19413387792
1.20018844078
1.27993496762
1.20957906328
1.16687657923
1.17926959967
1.18740583081
1.30035534914
1.21108559386
1.14536056264
1.18729028852
1.22583523664
1.20078789102
1.31752654521
1.25057690599
1.25279779507
1.17930627741
1.20170260427
1.16390668493
1.18854668474
1.03779440009
1.20717992229
1.16903501817
1.18929795212
1.30282843081
1.2371312616
1.17734643133
1.21128312582
0.996591905864
1.03742659529
1.07093518379
1.02180292474
1.15752845307
1.04040506895
1.22513657933
1.23514853854
1.12884861745
1.12489569378
1.2710287932
1.04670931454
1.2342419787
1.15531489347
1.1095865845
1.25386968172
1.30052535108
1.15900957551
1.08119922934
1.21352810538
0.886786109194
1.31382491963
1.06557743814
1.12618662914
0.986769491527
1.09844058085
1.14670000254
1.16899988366
0.933499103173
1.2736853627
1.07105547986
1.14085250048
1.08873562426
1.17094648368
1.20118371568
1.16501762492
1.15024518888
1.13257469369
0.851730383725
1.23082003527
1.1024457056
1.24873012006
1.24962826472
1.1943394106
1.26133886459
1.11876827165
1.16435025751
1.18605298041
1.07971668029
1.16930277954
1.2042577788
1.11301946611
0.992146162118
1.06325077216
1.14891402585
1.23542857889
1.1599776423
1.23643717986
1.08925315743
1.11659021231
1.10007553723
1.04245732225
1.18151620165
1.32503997006
1.05800141771
1.13925379397
1.04629224173
1.19697471271
1.1079098794
1.1745260388
1.11917560279
1.10216475435
1.12575613339
1.03815377784
1.37400602885
1.25045627875
1.0105368169
1.15227907823
1.13569019089
1.23532171529
1.10973034834
1.2323934794
1.07971110728
1.16371391995
1.0653541132
1.07695023442
1.18442272522
1.10414598975
1.14960937605
1.18606340992
1.18224923738
1.28168842609
1.15948856266
1.13155875095
1.16483868444
1.20496060905
1.16589233589
1.2623672939
1.26609593875
1.28203574601
1.22166214766
1.18165997258
1.18259757597
0.957966481319
1.05746877288
1.03859068968
0.996432594751
1.05415559401
1.00602101713
1.24588112034
1.02823689939
0.893376203707
1.13943370942
1.01690399619
1.11552886085
1.01261792871
1.13260217288
1.06919063959
1.18449010067
1.10010319745
1.20793695727
1.21478544404
1.0844891649
1.37935383419
1.20597509009
1.03406942869
1.33246772806
1.21219105889
1.2160546875
1.21930203822
1.21712849163
1.1315929973
1.2024873991
1.30291785787
1.11089274573
1.30736172354
1.26198150726
1.09496768894
1.22375481501
1.35053518864
1.06700012867
1.20688059604
1.23922184924
1.27621749379
1.19044578641
1.28577453769
1.42790421587
1.24867291335
1.17488209858
0.967736677263
1.15131802331
1.29016342283
1.12019342159
1.17617358944
1.14771577852
1.31789631816
1.38077052016
1.1359879634
1.24155937958
1.3812232035
1.18890096306
1.11230443548
1.13547621229
1.14929228229
1.21670916176
1.29788083547
1.18757851376
1.06630030823
1.23050566493
1.18221901869
1.30846256136
1.25293695457
1.2522295472
1.25775382628
1.10218788433
1.14549010482
1.132950342
1.18675725131
1.28079531566
1.25680155953
1.22550317424
1.13709846365
1.0788712636
1.2899039493
1.06196122727
1.17865985828
1.22914003343
1.25787738594
1.33574964228
1.46219978571
1.20463090323
1.18354487092
1.1471331858
1.08480424782
1.27217461402
0.990577728581
1.03927515188
1.2231136597
1.24992066967
1.13557945941
1.05986017373
1.26463625789
1.11654539592
1.2172138076
1.20718134315
1.36555663026
1.24160090403
1.0428527953
1.1880847052
1.12435653803
1.20700946807
1.21034841043
1.04329632541
1.19594005244
1.16447419502
1.29875219879
1.171068122
1.16441023728
1.23221669409
1.1801517967
1.19846216309
1.18955052164
1.14988422138
1.32913843782
1.2682024513
1.0703677554
1.12464475361
1.28221314185
1.2275304343
1.46810683971
1.15950435336
1.12075535328
1.21946069383
1.10986186302
1.2988891067
1.23949345838
1.18267555471
1.15817341394
1.1931686035
1.33905536759
1.11121633849
1.09876641492
1.19527694395
1.22340123229
1.13941085564
1.01798401799
1.08028723403
1.28229362233
1.05381993106
1.15003596359
1.09721142333
1.27168292241
1.12780300497
1.31631992903
1.19382491028
1.04935437793
1.0122366356
1.19798973348
1.05070261774
1.09774449772
1.1989472478
1.12993314794
1.20198275077
1.23254553884
1.05903706706
1.23568713623
1.00497061915
1.07931636436
1.27906526679
1.26472233025
1.17714696822
1.22125324034
1.09776283123
1.05645372293
1.24575364436
1.2456240657
1.09040642203
1.06749530489
1.1778984308
1.18448445127
1.24630303797
1.12231506434
1.20868352151
1.35496974412
1.29525304902
1.19879724584
1.26313184563
1.20655403647
1.17553712019
1.12355751039
1.27032075781
1.16188359607
1.21638560348
1.09364375093
1.21609343138
1.19100832457
1.1622972572
1.25124554522
1.32656247477
1.19649293652
1.27025244029
1.2808642451
1.12361572847
1.15752213429
1.13413310235
1.2026021868
1.05903624561
1.34578599891
1.20885755254
1.20443387357
1.0517667553
1.11015640731
1.13341575231
1.38752360744
1.21997974264
1.26640986286
1.13889987024
1.19498795181
1.14304922074
1.17839711677
1.13582240917
1.24291500812
1.11238005471
1.22232560663
0.98230668268
1.37891008871
1.13404703563
1.14445208414
1.21952588399
1.13891946878
1.12503623274
1.2924210146
0.0
1.11109336349
1.12100338578
1.13602151492
1.2440487814
1.20926049415
1.23199077255
1.33847475595
1.149589873
1.12500875275
1.27908517677
1.20220091439
1.21732385142
1.1396870408
1.16682578777
1.15788055518
1.0714377634
1.26978598147
1.16274287062
1.26072966899
1.18374893556
1.00786141024
1.12440546676
1.12143397866
1.15099364118
1.14978862506
1.22769849317
1.23388978793
1.22090122009
1.19092171108
1.29148783028
1.2151183106
1.31890786652
1.27384764835
1.1673468992
1.31020349879
1.12756714071
1.29036425573
1.32005143962
1.2711344037
1.25262021011
1.24175088753
1.2430208024
1.29375686254
1.11441846097
1.24362355181
1.28784003449
1.30241213588
1.22373521078
1.26482588963
1.20990413766
1.34537624476
1.0261567833
1.16284058169
1.22691112579
1.24330518986
1.17164194254
1.24323257358
1.36890612684
1.07602482836
1.20158326905
1.24491061568
1.12958702762
1.37413897043
1.3384994517
1.17013029485
1.16397472728
1.35022995355
1.14980252348
1.24957601631
1.10880047543
1.16407311637
1.28512786929
1.22927501657
1.11011532055
1.11447030269
1.09614600513
1.27747841606
1.18403341042
1.21998007179
1.32690004006
1.19763745864
1.3050134976
1.07316119044
1.13023927754
1.15595333494
1.25314323398
1.2742747233
1.0029257126
1.09715047137
1.1845785179
1.22760331003
1.14366919801
1.19171373524
1.1693422917
1.15782960798
1.01071819033
1.22177069429
1.1465391066
1.07309331355
1.14501918212
0.988279427786
1.19856578916
1.24891345576
1.33876200148
1.1139675839
1.15614514186
1.27268259562
1.30802242867
1.24025706349
1.30687259456
1.11526461428
1.20226758261
1.18168605455
1.19115226574
1.39550967221
1.28115969952
1.23089540237
1.04857850102
1.13344506956
1.26303651255
1.27344012021
1.25004482666
1.15087450415
1.13833181432
1.11156514673
1.25849961329
1.30446973236
1.06871278448
1.38865806999
1.11805668314
1.25933890876
1.11644680601
1.12914154783
0.854742801622
1.17672746528
1.0761134277
1.22555296522
1.24653051763
1.35114007029
1.28436157624
1.1812794062
1.1941283913
1.29446913049
1.42961578241
1.36778384791
1.21625948738
1.39096932958
1.26713449886
1.33837751049
1.18179370985
1.28841058238
1.13893104043
1.24148683533
1.17532935112
1.09175582639
1.02184689051
1.10597280196
1.13353233113
1.0619205312
1.11454954649
1.11860381623
1.16460435218
1.29475421867
1.10810554238
1.28653625379
1.10993517555
1.24395615743
1.20972502764
1.22905737546
1.26212575189
1.12347938739
1.21356225079
1.01917618666
1.17101545933
1.1790827716
1.36651111184
1.316407743
1.16072239288
1.29465835017
1.25582488443
1.22305742252
1.22631454168
1.214711933
1.27835475862
1.12709083633
1.3227801924
1.32508431986
1.2216914779
1.13346681036
1.24651287548
1.26510640203
1.3895776179
1.29399065311
1.16465537794
1.29064331339
1.25355207072
1.1670877425
1.22172047353
1.15553553541
1.09691808765
1.18444028532
1.02803439306
1.12545543397
1.11914220558
1.03986845194
1.15716691957
1.12697745015
1.12066150415
1.19548966617
0.948620864022
1.21647213688
1.11002292286
1.0198202141
1.07777115924
1.0844551523
0.963457868666
0.998040051302
1.25333764347
1.23928406645
1.243299536
1.18579924067
1.35500404153
1.26875802775
1.21024288504
1.17910789875
1.28690747219
1.33176780037
1.19374585957
1.25220173028
1.20567723697
1.23368950104
1.17643030658
1.267804042
1.13775621382
1.1009858314
1.12905769565
1.2151568123
1.16956655766
1.12449779472
1.1348690659
1.41669793182
1.25158000641
1.25150494888
1.18720477195
1.27681673734
1.13355774821
1.21746865889
1.20789866225
1.3743664612
1.04459206223
1.15686197543
1.19933483447
1.15916851444
1.16087527742
1.14566885841
1.15516166544
1.11249261461
1.24348788486
1.25454305509
1.10118132394
1.21971909484
1.18376784907
1.282828094
1.17357398214
1.15150834504
0.994877789353
1.05023154296
1.19122475633
0.932111594424
0.97289658824
1.17336240983
1.13759754682
1.11123251303
1.22552028744
1.11270795446
1.18312574356
1.08203594735
1.09847994546
1.00012465614
1.15744568242
1.12138009653
1.31551520654
1.21264079698
1.35279561403
1.22310999723
1.23989556338
1.17818409198
1.18929161299
1.23565352565
1.30988296147
1.23809765141
1.13437463009
1.31753006176
1.22227915463
1.23808205287
1.1219539098
1.30754606185
1.08754438934
1.15020709862
1.0100867746
0.966829540984
1.20026439538
1.30657900441
1.3237331769
1.25371984328
1.27916616183
1.18288086724
1.19734220759
1.30627669021
1.21893158398
1.10922255431
1.11940236292
1.23492079596
1.06912356022
1.15102261651
0.989885530553
1.11275256844
1.11127179505
1.18465278101
1.24677220114
1.23343687685
1.34526607859
1.17610045051
1.14319978595
1.17281168699
1.28679762401
1.04779902926
1.19348235368
1.18665459958
1.05351400832
1.07508720423
1.18161042065
0.90281362826
1.06487101777
1.03498647172
1.02303328864
1.07231031477
1.02547596725
0.97297665077
0.990020277289
1.04795503458
0.94457818541
1.11546893109
1.0778923496
1.18424991166
1.31282350321
1.02140025534
1.18453173207
1.1286695516
1.27782937612
1.29307065009
1.15838584301
1.04158536986
1.15128676218
1.31160432605
1.06489426281
1.17298880393
1.23870268791
1.14453183775
1.15167821717
1.21047495925
1.21220506559
1.2752560569
1.02820093111
1.2890152921
1.35789442325
1.17113068991
1.20902885952
1.13534469878
1.20573797999
1.35522447654
1.2205071783
1.16651595076
1.23147665589
1.12120554549
1.21724259206
1.18395646016
1.21831776369
1.34015498549
1.15764177336
1.15289451515
1.24032111862
1.03655197413
1.21161991717
1.11363333756
1.03543286781
1.27345900403
1.20501319853
1.1004581007
1.24633339642
1.14138455101
1.06833540106
1.09902915038
1.26381142632
1.06870155093
1.24061908748
1.26673447518
1.17508978131
1.10169588428
1.2134632265
1.21611184289
1.00389981488
0.967426492361
1.05407074435
1.21414359849
1.33698142839
1.1503330391
1.11069771562
1.16603161422
0.194443299291
0.118617653528
0.235675969798
0.196929715816
0.0
0.293983872557
0.329727360376
0.21201471929
0.14475738864
0.232488890309
0.108913554229
0.0792754976881
0.165374988287
0.366003847952
0.181328877667
0.00147702567475
1.05362627972
1.1324329573
1.20995263882
1.12499446417
1.06151405509
1.28338671479
1.202483445
1.15775610244
1.24009926388
1.14425097902
1.18766321996
1.15915107364
1.0590571381
1.17493548736
1.10678142903
1.06580087948
1.2587042525
1.02621981458
1.08140450074
1.09232125937
1.22297909724
0.998606965052
1.07761481013
1.06731278594
1.09652219916
1.07304173566
0.983186547649
1.25791816075
1.15374418682
0.954602009124
1.05012362036
1.11258722672
1.19050769621
1.23344713086
1.16927801272
0.952301700183
1.06872698241
1.09343885143
1.19091395793
1.27432161611
1.21505141098
1.19385115072
1.14524873962
1.14802163784
1.11858327073
1.13981868402
1.07449234857
1.15836646719
0.989686647627
1.18477892123
1.37650641454
1.33488352953
1.13514228756
1.21709570897
1.15394224926
1.26613891298
1.38767247805
1.15685932274
1.28869826319
1.19659962489
1.22477755278
1.13597555181
1.054888601
0.927041215158
1.16114350222
1.0623099408
1.14705952866
1.13648133642
0.976542983233
1.23868784089
0.903345667827
1.20790147913
1.20425367507
1.14706345027
1.14370446705
1.19421391068
1.09274119254
0.97146522108
1.12628201966
0.945809197198
1.12535115992
1.18479784231
1.18943362472
1.22315849129
1.24125140284
1.3126729012
1.19090184933
1.09463936574
1.26240633472
1.10856024139
1.10211520247
1.22088649826
1.06801323707
1.08646743607
1.17101697558
1.21871388228
1.01482716629
1.38333982364
1.24983113837
1.3382936964
1.30555685877
1.21336121598
1.31397803105
1.24034120696
1.09858899989
1.33712369496
1.20703897217
1.35395044379
1.2259879298
1.22168406691
1.24210674688
1.11389249915
1.23847813654
1.14788126396
1.25615277534
1.04308639788
1.11475060195
1.08902721621
1.36151394632
1.12282716512
1.23939627163
1.26869888636
1.15129250291
1.14986846043
1.1107448481
1.08299000873
1.28825878362
1.12091555125
1.1492366593
1.21460943689
1.15652218323
1.28088678502
1.29014545931
1.19402340508
1.37432101425
1.21194942001
1.1588217363
1.23503303813
1.18629451414
1.02467180286
1.18509751679
1.19123554864
1.19729482032
1.10184597235
1.293858795
1.22258641817
1.22497059249
1.16816687609
1.15428378072
1.24991048998
1.24530648125
1.25266586114
1.368913724
1.26280558077
1.22053415255
1.25301027073
1.02732786074
1.21860974484
1.1809859003
1.06529323223
1.24432865432
1.04690921126
1.03433737956
1.20219113217
1.19878972815
1.15890213124
1.24731330472
1.18856835014
1.07484973251
1.26355426646
1.16806845817
1.32571749379
1.02857911797
1.32456082714
1.06537421695
1.26156505685
0.308059504945
0.331404429383
0.167984108356
1.12163252968
0.430310073148
0.37692766948
0.262680020554
0.465589764651
0.460279278678
0.226493237425
1.63559518229
1.70529251833
1.66302701331
0.335760386749
1.59152574311
1.76627212023
1.11194365371
1.03015203609
1.15647331121
1.14394419834
1.0964391456
0.994707359198
1.13243086532
1.13578344966
10
