1.86176415409
1.88442922969
1.80941433067
1.85456545393
1.83051699847
1.90306020035
1.96127702927
1.79320221461
1.87484746561
1.92293955395
1.86971430288
1.83338463673
1.90692356688
1.92398760701
1.82304245221
1.92822601052
1.9524066776
1.97512770369
1.84670875268
1.81165145746
1.87077942609
1.974224174
1.87243275055
1.81519139982
1.82908305308
2.01801807607
1.96058837519
1.82855308023
1.81606159749
2.04620520051
1.91842400654
1.76431733057
1.8290307741
1.90857137139
1.73802269264
1.78303351031
2.00133817472
1.93569159049
1.76401080207
1.84191218144
1.88985424566
1.85431481595
1.89305257293
1.78818715218
2.00975792908
1.89552546971
1.89450569512
1.84825802347
1.75750985406
1.84239095202
1.79060598595
1.94360634891
1.85138615991
1.63407295133
1.88301282265
1.69197296782
1.78223394948
1.67625580092
1.82614854194
1.73845047582
1.8107631769
1.75947020165
1.80097168934
1.75990337691
1.87269471412
1.92921302053
1.89916021764
1.9307369972
1.87052511813
1.92056078491
1.86212447474
1.86251289089
1.85257363609
1.87611284769
1.93901726853
1.77747799018
1.93017191895
1.98831965165
1.89803398272
1.78716249292
1.76533010626
2.09947710723
1.9013146878
1.94535304741
1.84459974108
1.94579562033
1.85520638106
1.77870100811
1.91334835737
1.8753010138
1.91725130077
1.94955576074
1.89240650542
1.9752469099
1.8539920813
1.85436963354
1.92999504212
1.8928891813
1.81385222071
1.81850488492
1.85073801404
1.96030415828
1.81334051955
1.82394676069
1.84750953708
1.85401851555
1.82142541562
1.93121575931
1.93871144921
1.92035592112
1.81860694451
1.85149419521
1.81921388546
1.8578390921
1.66025199453
1.86024694903
1.84374615018
1.85339252019
1.96749626595
1.89702008719
1.83258907316
1.8665140486
1.63831191116
1.66212820662
1.68673374369
1.70895020537
1.81924919299
1.70524588759
1.89722816251
1.90546419014
1.80148428455
1.78322309452
1.90821317505
1.71748015094
1.87731840237
1.84335172935
1.79517200659
1.88437998855
1.93410705619
1.82373162178
1.70345467378
1.88521733101
1.54392985368
1.96283845708
1.7392770891
1.78079736465
1.61287918888
1.76402778175
1.81395207708
1.82429693238
1.60003781732
1.92304213825
1.75012237191
1.78377845581
1.76132188416
1.81502036271
1.81490378232
1.8050450726
1.80653121016
1.80612686686
1.52600244084
1.86184068865
1.76989956907
1.92272370451
1.90640422156
1.85186498218
1.90863892632
1.8080094631
1.84904479957
1.82129770121
1.73172415241
1.81860107075
1.84094754508
1.79113270692
1.69519002651
1.78668329634
1.79628199181
1.92033083692
1.84587377959
1.93649134666
1.79231353928
1.77525104337
1.81777007351
1.69497417496
1.83040520645
1.93435404377
1.69333282923
1.76036226498
1.76573042161
1.84292056106
1.79775877039
1.81822269336
1.77160618767
1.73751395996
1.75808612145
1.70271586345
2.02160025287
1.87784601462
1.66776996635
1.81182032851
1.81405039273
1.8873781515
1.78067634851
1.89494833723
1.77239610518
1.82580994939
1.74969883317
1.70455758501
1.85981751632
1.77966161463
1.78839070074
1.8896834603
1.84853423911
1.97261284059
1.83812827759
1.80872565372
1.80715876259
1.89578930726
1.81160736894
1.9612418723
1.92010617549
1.9677402231
1.86621184526
1.85072124481
1.84408942012
1.63690785334
1.73981615807
1.74828092293
1.66164898219
1.69728088757
1.65631575519
1.87656851166
1.65486305421
1.53657724879
1.79097673302
1.69829015379
1.78203516052
1.66474891469
1.80135333102
1.72549566805
1.87374140282
1.76674928267
1.88638162422
1.90087171024
1.73897218093
2.05211695769
1.85740291445
1.71017176096
1.99602099841
1.89185714909
1.88440797403
1.87152489742
1.90362607516
1.80452194301
1.86103099226
2.01583545935
1.77425447876
1.95881309255
1.94157810388
1.79479309519
1.96037514759
2.01414414811
1.69323834146
1.87745789987
1.95852261562
1.97821325146
1.88193991878
1.91786786392
2.08635158209
1.92318629642
1.85394231333
1.71804939649
1.82642194968
1.95909490783
1.82675753926
1.85293966154
1.80410334052
1.98020011676
2.04518470982
1.79690980798
1.89595613945
2.04806792126
1.86182837539
1.74263918689
1.80591397419
1.80397683378
1.93859212186
1.97427862445
1.88848225205
1.77030010896
1.877384116
1.8260066047
1.9475489385
1.88504321813
1.89213845876
1.91128154363
1.71851487128
1.81252089232
1.7969330474
1.86389705324
1.94232189503
1.93096018031
1.88960133855
1.79426456021
1.73099890785
1.92712138178
1.76975389892
1.83490983961
1.86302892313
1.93268161873
2.02566580936
2.12534900396
1.8903205359
1.83974922408
1.74903936377
1.74897359847
1.97587247556
1.67235903825
1.72046455163
1.8601903149
1.9680616719
1.81302256713
1.68895900918
1.94607929022
1.75454593316
1.8759066479
1.85964705905
2.03621598084
1.88609954452
1.72299392557
1.82718312749
1.80495554967
1.92764245937
1.87392880536
1.70873910542
1.86408209229
1.82319876928
1.95465545614
1.82684999627
1.81486668263
1.89677672267
1.86237672434
1.86483576976
1.83314800794
1.84945723979
1.96220746654
1.88345246257
1.72865606584
1.81507053641
1.94164642308
1.892020714
2.12405077302
1.78491194018
1.77056283677
1.87652083615
1.76694558601
1.95201081756
1.87791426188
1.84358349512
1.8475079875
1.82163453088
2.01246874553
1.73459147467
1.76612346347
1.86140808741
1.87265274163
1.79100577142
1.67044359868
1.73645797276
1.93269955631
1.67214298015
1.80787757751
1.76058211506
1.9518147787
1.75905549977
1.96654067122
1.82948578983
1.68750383951
1.67131531219
1.8120686369
1.70287919579
1.76145641908
1.84206580718
1.76460020227
1.84043834368
1.88313655925
1.71856210074
1.92765068176
1.7174308919
1.75604955695
1.92760632333
1.92174772916
1.83432691032
1.89837112349
1.7897860769
1.735289403
1.88294576813
1.9095691976
1.72853537599
1.73671485718
1.78073749998
1.85978924939
1.91568635988
1.75968631164
1.87211960911
2.01461282409
1.96531211718
1.84353250869
1.91747733086
1.83371217676
1.84670198194
1.77697438735
1.89233588019
1.81291706931
1.89284604313
1.72443220613
1.87204663392
1.84540933861
1.79706281932
1.89389300332
2.00109411866
1.86396734249
1.89145105743
1.91593117888
1.76850454807
1.83661465381
1.79140739903
1.86125365606
1.74884414449
2.00352491196
1.88422291078
1.86319154305
1.73479972962
1.77968752711
1.81820718958
1.99485237108
1.85970667394
1.93078636536
1.77793308513
1.82778481287
1.81068724124
1.82277182324
1.7434372016
1.90272201247
1.77501650527
1.8978734549
1.64835562441
2.03517378561
1.76156938259
1.78208181553
1.8746491169
1.75914714093
1.78018860487
1.93072202626
1.52456304434
1.77441443986
1.79654281889
1.79071767132
1.87884302121
1.8766405401
1.88424704245
1.97756933661
1.84746082421
1.79910341283
1.92388767016
1.83269225832
1.86233997375
1.79278121973
1.8544840125
1.83204735041
1.72160059492
1.92101923768
1.82769577742
1.95174707685
1.8386497482
1.69723932459
1.78908405668
1.75256378717
1.79771752047
1.82417046111
1.88747540185
1.92511062181
1.89916914048
1.83310564111
1.99158741366
1.87456619772
1.92942005344
1.90554907166
1.81724971032
1.93662562703
1.7620316189
1.96621418229
2.02713711118
1.92746957334
1.93775546808
1.92009561855
1.91331535661
1.94704821234
1.73190252205
1.90386676624
1.93281435796
1.95449358926
1.87462296263
1.86323001468
1.86160182714
1.99086834329
1.67421395591
1.82301465777
1.9025565385
1.8641908033
1.84658486951
1.88683500894
2.02399254156
1.71573108082
1.81422843601
1.93035260579
1.77585956322
2.01677657631
2.00587366991
1.81279160768
1.82884029945
2.0028717319
1.79622535082
1.92139114772
1.79226994549
1.8548758068
1.93731696226
1.91172806796
1.78424304264
1.78419389832
1.75233132574
1.94553795321
1.89580773179
1.90025348508
1.95534429463
1.81390079453
1.97156113895
1.76268996237
1.82601200351
1.82706471905
1.89153554113
1.92788393501
1.67668699436
1.76940066532
1.82332181596
1.85679481574
1.75984635794
1.8463858583
1.78498816958
1.81830128832
1.72746412472
1.89643241467
1.80910318015
1.71633182254
1.80352505282
1.66486653047
1.85439517513
1.87740318499
1.96637015949
1.80316447295
1.81033171139
1.91547904887
1.92234697838
1.91503081545
1.95213608066
1.77894155501
1.892024587
1.7828841797
1.8909236072
2.0515114991
1.91847555618
1.8515503144
1.69466990825
1.7838894893
1.92521689829
1.93989412901
1.88650320457
1.81501093335
1.79555122541
1.77685828743
1.88992923838
1.95566100741
1.71016989818
1.86941685836
1.74405785219
1.94305189283
1.73576095065
1.76400734869
1.5384226963
1.81887538681
1.69061133865
1.87182843536
1.84672869459
1.97469638932
1.95657811153
1.83987890225
1.89220208361
1.9659950175
2.09224523527
1.97834180275
1.90926504905
2.02423211107
1.91073668182
1.98151284829
1.78489028996
1.95926178713
1.76970465418
1.84805445863
1.81736778293
1.71533807418
1.69075140618
1.78306438104
1.78846385593
1.76708754656
1.78795577915
1.76009365772
1.85211490856
1.94003051183
1.71829985425
1.92522027584
1.73342793596
1.9035923337
1.86463372473
1.91313036104
1.91844933589
1.81629986126
1.8613490411
1.67084003939
1.83458823335
1.83526204511
1.99379643653
1.94480950587
1.80914417246
1.93259399942
1.90970018419
1.87961857089
1.87277039971
1.86387226846
1.93849290213
1.77718674197
1.9367111489
1.9230745048
1.85058414868
1.75764532362
1.87302859584
1.89454599472
2.00764139959
1.92416273428
1.81358408235
1.90282764444
1.91711113119
1.78112565502
1.87972129407
1.84509552718
1.76110767202
1.87929663369
1.69344336787
1.80278130711
1.74478186853
1.67053423298
1.81683318522
1.80710904991
1.78053834703
1.86245054498
1.63879500821
1.8694205355
1.75459055026
1.66836805906
1.70865855516
1.74008320253
1.65150612331
1.62964917742
1.92798099115
1.91965895645
1.91297884128
1.83726427891
2.01910372929
1.9373254775
1.87361261132
1.85451564432
1.97691327632
1.96973536518
1.8731062338
1.9368036115
1.84374228661
1.8880198992
1.82247470485
1.91382152553
1.85029731591
1.77619505022
1.80901961883
1.87033940526
1.82745871682
1.79526685598
1.76386383868
2.07749143938
1.92098863644
1.90860283154
1.88943496111
1.93982046398
1.79924348222
1.88927787312
1.90063522055
1.99750195668
1.76884516849
1.80377440067
1.8259331983
1.84164017406
1.82046289456
1.82229416021
1.81699402692
1.79485464651
1.9321442099
1.91364208711
1.79922903657
1.87285166786
1.86890838752
1.92908085003
1.83039710469
1.82503148234
1.69189322482
1.75927944903
1.86075395162
1.59636230348
1.6256027508
1.86213056793
1.83364734426
1.80212680779
1.91469780942
1.7851172835
1.8804190258
1.77240766587
1.80947366786
1.63819616609
1.80431876663
1.77797835157
1.97323597944
1.90312496885
2.0336868494
1.90643290743
1.92350375627
1.80186911295
1.86556227689
1.90394386645
1.98855332225
1.93128932563
1.83114319038
1.98650552764
1.8930928438
1.93141964876
1.81540945285
1.97346329803
1.75895994489
1.81586779557
1.70515614521
1.64328912171
1.86812713221
1.97116715567
2.02420907702
1.95271781657
1.97733661046
1.84308781551
1.79593201219
1.95433454511
1.90117840351
1.77618957272
1.77113954558
1.91759797797
1.75180353925
1.80336444946
1.64037381791
1.93288259721
1.7596260698
1.87315611996
1.93172302461
1.87564457487
1.92283607732
1.88317064572
1.83160369656
1.80205374557
1.93817449782
1.7255654103
1.89603939835
1.87967111546
1.73091770767
1.7011806995
1.85466619519
1.55232348328
1.6783300066
1.66991663092
1.64404365586
1.71229657747
1.75445852483
1.66500565166
1.68175428562
1.75995684959
1.59276527538
1.74913254737
1.74886124388
1.89037438727
1.96944885415
1.68226601251
1.82577258124
1.79856842061
1.98255440666
1.95318454504
1.80093416966
1.72609957359
1.79690257378
1.98778461291
1.69777875937
1.85932942548
1.89255518967
1.82127590447
1.82755298488
1.89252088489
1.86401780172
1.9237415351
1.62837965113
1.88356544475
2.03769418308
1.84397037874
1.8231023846
1.7739929016
1.86145575435
2.00238232611
1.86727688898
1.83896571275
1.86325424662
1.74338545749
1.90501221291
1.84435081025
1.88014521414
2.00440591119
1.7801124932
1.82599189786
1.9140516843
1.70196329071
1.87659457751
1.79632696895
1.7175486741
1.89946522459
1.82219361633
1.72713701652
1.87658030004
1.80053412559
1.68119283989
1.7574838221
1.8951337524
1.70372550896
1.86979861141
1.93111633892
1.84326681125
1.76551715826
1.89441128437
1.88196022961
1.70749832881
1.61896561401
1.71219732467
1.87784388269
1.96368100833
1.81893512782
1.74031173016
1.8122608911
2.23008704308
2.16042847171
2.25979165815
2.17835352766
0.0
2.28259913327
2.40822871383
2.24063102088
2.22766276724
2.31914917623
2.14039553421
2.17464456344
2.12445532551
2.43523632326
2.21389232086
2.06893573099
1.73776960273
1.80505517043
1.84340559727
1.78406957825
1.73385066492
1.92580910325
1.86952683854
1.85488405067
1.91177070295
1.83945519486
1.84664989135
1.83072793695
1.68071375528
1.84749312673
1.74867049677
1.65633462025
1.93296052978
1.69804181158
1.76001740056
1.75262681873
1.84972901712
1.67850688079
1.77040336837
1.71844574917
1.74880547617
1.7126999838
1.62967983982
1.90060023431
1.78747441061
1.61044770287
1.72011358852
1.75094414882
1.86805000882
1.90816255918
1.81467692811
1.64897140574
1.74524516702
1.79753178366
1.86335050468
1.93349367343
2.05086671737
1.87902430007
1.84912274094
1.81892699219
1.80834194083
1.82045673708
1.74188711919
1.81838984232
1.68957811917
1.82091418823
2.00478092839
2.00631837637
1.81886264327
1.87387052668
1.79222747198
1.92115977976
2.05480661567
1.82668106806
1.93583225772
1.87498887996
1.86482508117
1.80864318805
1.66120752935
1.59470279395
1.8409959463
1.67772083443
1.76811593565
1.8044141739
1.63739330473
1.92958802368
1.55878549084
1.85955678881
1.8656512922
1.84784520291
1.81006394901
1.78658206593
1.77227878061
1.61393830207
1.78377536131
1.6172363451
1.82725443271
1.87913834083
1.85576695016
1.91030198522
1.93617034016
1.99987321046
1.88130957283
1.77768599044
1.93957601938
1.82972485084
1.78129372014
1.92578962998
1.78352131587
1.7580600395
1.84443200011
1.91216398048
1.69360000567
2.05345116545
1.92099860079
2.03456206207
1.93464285592
1.94132323705
1.97679357223
1.95859467298
1.80149607627
1.99224422687
1.90185988534
2.05286052157
1.94945354172
1.87147923362
1.90619451374
1.77457191222
1.87176223006
1.86069237327
1.92890881565
1.71516055846
1.80810170293
1.73295536886
2.05714934653
1.78620058877
1.88254722975
1.94940107191
1.83498744763
1.82971350174
1.77555555695
1.75850516672
1.95544260065
1.76791096626
1.83739823527
1.89571235918
1.80018654803
1.93677738703
2.00026290068
1.84182200049
2.04816792912
1.90260073762
1.82618040308
1.88950230473
1.86264857425
1.70958466155
1.83210214265
1.85344282452
1.87706614169
1.76345445583
1.95471302435
1.87949575509
1.8661247366
1.84552749329
1.86968961941
1.86919953439
1.92701104801
1.93225524217
2.03432297316
1.9546333153
1.92070599271
1.93169847053
1.71095123682
1.84327049698
1.82430007778
1.70812185391
1.90673264866
1.71675000841
1.71501790939
1.87976507582
1.86435559159
1.8156241502
1.92595927092
1.83361141348
1.76846728982
1.93892259092
1.78582551858
1.9665186851
1.70764672935
2.01874365769
1.751645434
1.91651839001
2.34329519045
2.37821830263
2.25257960931
1.7827531423
2.55744107722
2.37585036369
2.33151058861
2.52195419259
2.54045670482
2.22417061014
1.87047027603
1.93908003529
1.9107270698
2.35415239246
1.82762864326
1.99030531413
1.73014356059
1.69139895852
1.81269046703
1.79249902184
1.81430785288
1.65913941231
1.78840683552
1.80126331886
10
