0.0
0.0
0.0
0.0
1.83052018302
1.90289935277
1.96295176599
1.79621862903
1.87623086137
1.92152742387
1.86848651018
1.83501944083
1.90795348921
1.92516281241
1.8210658445
1.92618390823
1.95609326291
1.97990527285
1.85040280373
1.81380418155
1.8757864493
1.97641210915
1.87379628061
1.81567515238
1.83106120306
2.0189599669
1.96217746183
1.83180355877
1.81944622528
2.04486074543
0.0
0.0
0.0
0.0
1.73997086823
1.7852077986
2.0049069489
1.93928354051
1.76342101082
1.8445930475
1.89173844823
1.85585766628
1.89483141512
1.79033473109
2.01122455533
1.89754864622
1.89680938662
1.84843497095
1.7615411717
1.84497369225
1.79646274261
1.94431477187
1.85432055402
1.6367084159
1.88445193957
1.69608534481
1.78770127749
1.68056253496
1.83188145934
1.73931775998
0.0
0.0
0.0
0.0
1.87889883134
1.93260233719
1.90400643372
1.9329472613
1.87438030435
1.92494304015
1.86865806199
1.86511344297
1.85804724462
1.88022854597
1.94118195073
1.78091364697
1.93568512168
1.99042781189
1.90046459697
1.78972846873
1.76382745453
2.10299051146
1.90555770524
1.94706774377
1.84883997753
1.94919704323
1.85409052904
1.78127101323
1.91428324628
1.8793196674
0.0
0.0
0.0
0.0
1.85802569273
1.85806610974
1.93392962199
1.89351421569
1.8176338825
1.82046735244
1.85448241683
1.96527075869
1.81407854968
1.82637213244
1.8504828426
1.85600815283
1.82657023124
1.9397643455
1.94121571309
1.92273038637
1.82455261094
1.85019254063
1.81842986591
1.8615322813
1.66143657931
1.86238776297
1.8432331455
1.85396793458
1.96705621117
1.89826289253
0.0
0.0
0.0
0.0
1.69071365595
1.7113707209
1.81951069218
1.70903815934
1.89892757201
1.90728296763
1.80636172174
1.785476664
1.91195262906
1.71764286865
1.87838210652
1.8437603226
1.79269358358
1.8862987136
1.93661374149
1.82808256702
1.7100896009
1.88880811917
1.54767825634
1.96867356074
1.74216462394
1.77446821157
1.61409987755
1.76726463738
1.81741120138
1.82864551294
0.0
0.0
0.0
0.0
1.76587801163
1.82289140409
1.81809415375
1.81109158675
1.81400725904
1.80565362386
1.52781351055
1.86811461103
1.77426111865
1.92479785508
1.91030701037
1.85952664836
1.91473458041
1.81004893609
1.85144165027
1.82367295346
1.73745466255
1.82500580449
1.84715362547
1.79670372335
1.6977558655
1.73728385888
1.80195904171
1.92511525492
1.84958816236
1.93912918569
0.0
0.0
0.0
0.0
1.83437609651
1.94165520522
1.69940157808
1.76561155274
1.76794328117
1.84904412096
1.80219865483
1.82723883113
1.77439995958
1.74728029347
1.76304363511
1.70609146445
2.02731449812
1.88392965111
1.6720415776
1.8184387795
1.81887118574
1.89346146476
1.78369427651
1.90128898307
1.7766258285
1.82085573894
1.75223187898
1.71155499987
1.86287066556
1.78526139102
0.0
0.0
0.0
0.0
1.84040691755
1.81251845158
1.81227641876
1.9001968457
1.81558427707
1.96674619485
1.9248868524
1.97138191626
1.86681755566
1.85133191226
1.84892764262
1.64091944804
1.74486022837
1.75372974332
1.66789426677
1.72017083868
1.66119947399
1.88043605311
1.65903058363
1.54225296784
1.79683843265
1.70423007196
1.78810893972
1.66954862021
1.80599049034
1.72758783291
0.0
0.0
0.0
0.0
1.74150290149
2.05475732862
1.86208982403
1.71482505047
2.00039705022
1.89680329323
1.88522116422
1.877120117
1.90880936159
1.80934931585
1.86235185959
2.01650706209
1.7777131188
1.96605194814
1.94342516714
1.79721040043
1.96479299535
2.01503681845
1.69775833041
1.88316981346
1.96291496189
1.98046707037
1.88809523238
1.91959314713
2.08892286276
1.92544306062
0.0
0.0
0.0
0.0
4.96177822119e-09
1.8554480937
1.80407963883
1.98501639511
2.04450103516
1.79897301802
1.89779982609
2.05198180016
1.86520919197
1.74768864917
1.81018779499
1.80776271361
1.94176859364
1.97617212877
1.89316778224
1.77369176452
1.88508156739
1.83081064285
1.95300183413
1.88968027812
1.8961133088
1.91669605278
1.71959529617
1.81751028934
1.80172130653
1.87018200686
0.0
0.0
0.0
0.0
1.73519116076
1.93213413249
1.77332332916
1.83920369807
1.86898806958
1.93636297214
2.02860824126
2.13224098821
1.8915089655
1.84717372303
1.75243091681
1.75410198486
1.97887262293
1.67199352614
1.72620967514
1.86296958679
1.97467871402
1.81628478505
1.69073737725
1.95163160183
1.75713393815
1.87860123327
1.86482279154
2.04129917424
1.88823730912
1.7282603224
0.0
0.0
0.0
0.0
0.0
1.86897559692
1.83000440023
1.95892181782
1.83041813259
1.81669181721
1.9001361329
1.86794217167
1.87056169979
1.83653996196
1.85249049052
1.96844236744
1.88663456626
1.7350524801
1.818605754
1.94437027295
1.89052006966
2.12343150166
1.78820400964
1.77754955225
1.87870019184
1.7681942348
1.95510580571
1.88030751039
1.84568073366
1.8530298698
0.0
0.0
0.0
0.0
1.5948210097
1.8784641196
1.79508255463
1.67583405037
1.73977799204
1.93505468515
1.67767619524
1.80998779287
1.76619240627
1.9546808076
1.76437500009
1.97255692201
1.83564427198
1.68826578316
1.67559686454
1.81556244478
1.70488312506
1.76783329127
1.84544020381
1.77340310473
1.84677631905
1.88702461131
1.72307774947
1.93321372379
1.7245035376
1.76277098847
0.0
0.0
0.0
0.0
1.79513688512
1.74541703435
1.8882836094
1.91466058285
1.73254727823
1.74081464205
1.78856091062
1.8646661837
1.9222678999
1.76330345913
1.87779497658
2.01786761274
1.96734099411
1.8461586683
1.92132048014
1.84022470399
1.85076650995
1.78382718613
1.89127539572
1.81836357142
1.89553829122
1.73569900964
1.87821029112
1.85162936604
1.80289670301
1.89722968803
0.0
0.0
0.0
0.0
0.0
1.84432993563
1.79387527541
1.86457996216
1.75350192635
2.00957587885
1.88723890548
1.8693068059
1.73891657289
1.78624699283
1.82478657845
1.99855987695
1.86446938658
1.93417657422
1.78402175031
1.8333476641
1.81368172441
1.82811998554
1.75253228522
1.90626018763
1.77899092174
1.95955889862
1.65239008054
2.03927214241
1.76755516128
1.78836320894
1.8925865206
0.0
0.0
0.0
0.0
1.7783684964
1.80006272491
1.79384141612
1.88377123049
1.87798897333
1.89330287588
1.97846861678
1.85269376021
1.80260445984
1.92915021159
1.83771357112
1.86544654646
1.79334252451
1.85638602425
1.84120950481
1.72494170645
1.92436870189
1.82982637784
1.95178033796
1.84415761442
1.710933749
1.79338940459
1.75609036542
1.80331453526
1.82683282883
1.90992694714
0.0
0.0
0.0
0.0
1.8519438023
1.93416352083
1.90952222599
1.8204049354
1.94072331903
1.76772705734
1.97253129938
2.03016725734
1.9319872221
1.94532593507
1.9256271314
1.91584978597
1.95215348433
1.73929134101
1.90937749536
1.93656052098
1.96340422504
1.8779760359
1.8712271533
1.86822819864
1.99735477497
1.68195246537
1.82704724521
1.91050004329
1.86617829119
1.83806412302
0.0
0.0
0.0
0.0
1.86913031027
1.78278299572
2.02106768299
2.01319928243
1.81722116122
1.83458670366
2.00933549619
1.80404572977
1.92611798322
1.79662501502
1.86314764384
1.94394554228
1.91648014544
1.78880464038
1.78883573187
1.75939166821
1.95035012334
1.90416170867
1.9058492721
1.95836124362
1.81892951638
1.9737430855
1.76809915199
1.82921273446
1.82917555929
1.89670994691
0.0
0.0
0.0
0.0
1.89818330604
1.76502458056
1.85056660157
1.79399869929
1.82293966156
1.73552991218
1.9032786983
1.81497521196
1.72346924362
1.81622823265
1.67271025066
1.86192122465
1.89089950891
1.97310220316
1.81123945355
1.81618193252
1.92326338122
1.92563693336
1.92136438288
1.95643437407
1.78526764962
1.89441670838
1.79523355641
1.89597821219
2.05633504197
0.0
0.0
0.0
0.0
0.0
1.98540218492
1.89129528744
1.82018098427
1.797053353
1.78211716782
1.89514633058
1.96152776597
1.71662058209
2.01489853085
1.74972507152
1.94659252669
1.74135969519
1.7703617074
1.54469093634
1.82242233039
1.69555128725
1.87489214811
1.84859263584
1.97797521441
1.95505410692
1.84567887007
1.8948242474
1.97278438657
2.09547459748
1.98014202024
0.0
0.0
0.0
0.0
0.0
1.96727495837
1.77705872695
1.85112880558
1.82400258043
1.72026623951
1.69700025129
1.78860726715
1.79524848956
1.77421294613
1.79385804562
1.76568422438
1.8584816256
1.94418091356
1.72438086471
1.92953175819
1.74412606047
1.90914847593
1.86863667675
1.92257829121
1.92567660086
1.81893197228
1.86701939772
1.67757903941
1.83983136531
1.84300884877
0.0
0.0
0.0
0.0
0.0
1.88685657873
1.87789574537
1.86803362487
1.94608948041
1.78292222491
1.943900175
1.92654008731
1.85650784322
1.76301520694
1.87720281563
1.90033856232
2.01388574307
1.93023440207
1.82414967229
1.91247062835
1.92089138931
1.78713315447
1.88278800408
1.85284129359
1.76914407021
1.88463882192
1.70024401441
1.81171660869
1.74796893113
1.67271137095
0.0
0.0
0.0
0.0
0.798907283619
1.87433062852
1.76016260373
1.67356940022
1.71584845503
1.74815058468
1.65622862829
1.63640652312
1.93870287316
1.92519897142
1.91918579209
1.84500182102
2.026678437
1.93895642038
1.88121584111
1.86296777567
1.98162874544
1.97127396697
1.88005230981
1.94191568243
1.8478277403
1.88967099566
1.82688359848
1.91867800952
1.85637798023
1.78142652285
0.0
0.0
0.0
0.0
0.0
2.08053080106
1.92739553872
1.91494991158
1.89200429996
1.94631197622
1.80545661662
1.89158961139
1.90857275787
2.00253157798
1.77466124188
1.80680280423
1.8337199372
1.84461085734
1.8252667294
1.8287760382
1.82399575862
1.79979229818
1.93750448405
1.91850157605
1.80653008621
1.9051890917
1.87582059652
1.93142942517
1.83584671858
1.83223599814
0.0
0.0
0.0
0.0
0.0
1.87063390986
1.8389760394
1.80608367706
1.91976876393
1.79098446162
1.88651200921
1.77813407504
1.74980857477
1.64032092343
1.80768777227
1.78175957092
1.9795975203
1.90933203632
2.03762946653
1.90794680967
1.92602501248
1.81157172869
1.86917986218
1.90674424432
1.98953359467
1.98251116728
1.84078607794
1.99369226477
1.89684503401
1.93500770255
0.0
0.0
0.0
0.0
0.0
1.64980103703
1.87629944056
1.97803533109
2.03035995728
1.96013669932
1.9847357505
1.85156810361
1.80428021413
1.9615903451
1.90682402238
1.78414827323
1.77519535028
1.92105028815
1.76195369011
1.81029182961
1.64524897345
1.94075894955
1.7697638714
1.88127735434
1.93903204873
1.88189495826
1.92950858607
1.89007719257
1.83465072826
1.81009807557
0.0
0.0
0.0
0.0
1.73878300723
1.70824827859
1.86146554224
1.55682692293
1.68403287794
1.67751349533
1.64987642878
1.71894401126
1.75587899869
1.67226697685
1.68713200737
1.76791265511
1.60334622477
1.7582656304
1.75542128276
1.89748789534
1.97777089309
1.68857563977
1.83025271221
1.80463082306
1.99116772815
1.95663411867
1.80478570542
1.72878901044
1.80153138478
1.99424265822
0.0
0.0
0.0
0.0
0.0
1.89924633914
1.87197752617
1.93260373282
1.63731372939
1.89207157427
2.04621270904
1.85094994665
1.82701462656
1.77886607596
1.86421467202
2.00855104066
1.8722068982
1.84496366102
1.86595390691
1.7479783966
1.91198157232
1.85022754385
1.88441744264
2.00819485276
1.78628816773
1.82945082786
1.91560447591
1.70765880009
1.87662860548
1.80086950118
0.0
0.0
0.0
0.0
1.87848679177
1.80435032542
1.68345786029
1.76060058859
1.9069935268
1.71053480524
1.8790699565
1.93809246216
1.85021195735
1.76741166516
1.89996234938
1.88716515548
1.71149148927
1.62614970075
1.71540600345
1.88404023266
1.97127195043
1.82278917074
1.74714579951
1.81817049928
2.2429305156
2.17484504809
2.27603238471
2.18800135554
2.1924579859
2.29298024722
0.0
0.0
0.0
0.0
2.1486714157
2.18505435348
2.13662551325
2.44629419683
2.22261384038
2.08285144584
1.74391786577
1.81685078271
1.85266273146
1.79535082775
1.74575101805
1.93099392118
1.8776985065
1.85975277028
1.91799932672
1.8489606274
1.85448079976
1.83770914262
1.68923915427
1.85642572585
1.75422139611
1.66690558184
1.94007746568
1.70557960889
1.7675460275
1.76099455295
0.0
0.0
0.0
0.0
1.75750696058
1.71866717676
1.6363864961
1.90621781867
1.79328630253
1.6174834024
1.72429313801
1.75632958084
1.87756785621
1.91762694002
1.82142513415
1.65773708668
1.75664340795
1.80594286718
1.87093042555
1.94063547885
2.05816249996
1.88664949578
1.85866653773
1.82346380747
1.81524822279
1.82742546417
1.7511164728
1.82758841295
1.69506979449
1.82346732811
0.0
0.0
0.0
0.0
1.79670195325
1.92943970428
2.05918109299
1.83222258324
1.94288328772
1.88181637738
1.87011685004
1.81647575849
1.67115124671
1.60029973555
1.84452211449
1.68107513015
1.77791466966
1.80931437554
1.64475481444
1.93907185246
1.56585040251
1.864048127
1.87353098969
1.85468286313
1.81762853193
1.79163543808
1.78218242307
1.622535545
1.79161655999
1.62513179703
0.0
0.0
0.0
0.0
1.93929680397
2.00367474727
1.88160791014
1.7759677436
1.93886741952
1.83085259619
1.77752608282
1.92712506143
1.78649753136
1.7568805177
1.84165838295
1.91435976642
1.68980166898
2.05390009836
1.92113552079
2.03570871009
1.93634625369
1.93986683946
1.97550249535
1.95838759023
1.8058781264
1.99118507774
1.90281862379
2.0507744651
1.94795356074
1.87075945021
0.0
0.0
0.0
0.0
1.92981339241
1.7176871464
1.80949506258
1.73153585071
2.0606145455
1.78620731474
1.88497655579
1.95395235756
1.83603140066
1.83368738595
1.77454949395
1.76006417912
1.95597131774
1.76934951595
1.83540573123
1.89587604166
1.79905717368
1.9356416543
1.99990265949
1.8423414953
2.04924388927
1.90529948703
1.82178857401
1.88834000496
1.85954727172
1.71119011721
0.0
0.0
0.0
0.0
1.9591014334
1.88045887432
1.86797118826
1.84709466028
1.8733169112
1.8703556846
1.9265885123
1.93573769276
2.0347457178
1.95753744012
1.91893874594
1.9344836301
1.71373260753
1.84387812961
1.81950704969
1.70742308928
1.90916683892
1.7171789625
1.71361274137
1.88155349274
1.86495483089
1.8144793518
1.9259844146
1.83368694085
1.76641605155
1.93837497062
0.0
0.0
0.0
0.0
1.75209413958
1.91482111447
2.34659864542
2.3808971606
2.2552703027
1.7840739892
2.55749064179
2.37858445351
2.33435512097
2.51945081114
2.53689071752
2.22489419143
1.86978723411
1.93856555097
1.91050573153
2.35742274672
1.82517889697
1.99246190438
1.73025173749
1.69091454822
1.81168456671
1.79334841605
1.81471318435
1.66053637985
1.79031533495
1.80236264759
10
