1.1272465526
1.16477728146
1.08848944509
1.10369117045
1.83639824788
1.90671011842
1.96851061466
1.79922065643
1.88021956639
1.92895754513
1.87108993796
1.83851931188
1.91226174917
1.92912432594
1.82749431463
1.93417163815
1.95978000168
1.98347014947
1.84928796179
1.81544540445
1.87883248985
1.98113625016
1.87759508857
1.81939724976
1.83729398592
2.0200744271
1.96479529793
1.8357366821
1.82350000571
2.04786648872
1.22117255834
1.08884853754
1.08683698648
1.20307375783
1.74060349462
1.78929018429
2.00922717025
1.9423003803
1.76750702479
1.85029273535
1.89387197839
1.85961779287
1.89744525963
1.79309606438
2.01618778174
1.90314327854
1.89822699996
1.85430135763
1.76533549861
1.85016963103
1.80023624401
1.94927192806
1.85745943207
1.63815883584
1.88850947741
1.69708171644
1.79024678802
1.68481788905
1.83424959176
1.74631716678
1.12550679573
1.05423768333
1.11756443322
1.03945343117
1.88294150092
1.93530848574
1.90664938757
1.9370898848
1.87903785366
1.92704527017
1.86953837381
1.87150370832
1.85946464904
1.88500763418
1.94652447354
1.78260291185
1.93535271719
1.99447613284
1.90235271865
1.7929418467
1.77046600958
2.10674166233
1.90763579797
1.94852489466
1.85576056157
1.95269526047
1.85911074017
1.7812632414
1.91913483027
1.88458785143
1.19983324116
1.25447854867
1.19400167661
1.25318082124
1.86117479422
1.86210135
1.93443625676
1.89684820788
1.81875192948
1.82212603959
1.86032221388
1.96568217193
1.81809715098
1.82867261695
1.85238535616
1.8604910276
1.82801142201
1.94332737567
1.9439844629
1.92665096397
1.82521281537
1.85439761355
1.82242887363
1.86319155366
1.66701933511
1.86448668107
1.85062545433
1.85736647488
1.97278529539
1.90178606124
1.12106599388
1.15484869423
0.943920624241
0.983564365114
1.6917861726
1.71445183091
1.82185845883
1.7117852234
1.90194062178
1.91028752988
1.80873016817
1.78473174376
1.9136634155
1.71938597605
1.88339074866
1.84820473584
1.79777236022
1.88985484736
1.93980798989
1.83256115617
1.71103288443
1.89229360675
1.55123570646
1.96861388671
1.74574076908
1.78020974709
1.61906488793
1.77105899372
1.81731970633
1.83006017019
0.883116313986
1.2234875199
1.01777705379
1.090707322
1.76904405671
1.82711277378
1.82113822436
1.81059976714
1.81698556903
1.81118000285
1.52997829103
1.86868100141
1.7789492044
1.9279516301
1.91394895981
1.86162025538
1.91618196435
1.81399479944
1.85478004874
1.82659591486
1.73985403849
1.8269976453
1.850276752
1.79981372954
1.70338110368
1.73802827037
1.80430120449
1.92828159425
1.85329882432
1.94414861767
1.04567323597
1.0691363068
1.05417154876
0.993083088927
1.83647879016
1.94469044561
1.70274042886
1.76647136071
1.76943931326
1.85314297952
1.80487369385
1.82579564906
1.77650742979
1.74864265757
1.76559653031
1.70950424712
2.02989839007
1.88511029723
1.6729303521
1.82047216415
1.81880205848
1.89282738672
1.78804478812
1.90265931943
1.77866785224
1.81782595436
1.75652631697
1.71215968423
1.86743854429
1.7881033283
1.10232736571
1.13644049615
1.14214337886
1.23713687016
1.84404861287
1.81778420125
1.81511019695
1.90136704535
1.81767347457
1.96825517303
1.9257629363
1.97235411791
1.8689675456
1.85635093815
1.85140907883
1.64370046856
1.74889689157
1.75650582376
1.67141174594
1.72144794344
1.66401668756
1.87878838657
1.6612143626
1.54493466189
1.79946972012
1.70705049141
1.78984892786
1.67239822502
1.81036935384
1.73125681542
1.13595522738
1.05149026254
1.15914701752
1.16502377173
1.74850600877
2.05762473695
1.86360592086
1.71504319077
2.00523483556
1.89917207631
1.89044755701
1.88049693169
1.9143860583
1.81117648677
1.86412831675
2.02160641284
1.77856199167
1.96719018954
1.94811636525
1.80157387564
1.96696607578
2.01839171709
1.69953426694
1.88810571995
1.96716680267
1.98717389274
1.89175679684
1.92535975788
2.09139948032
1.92804258239
1.12800243595
0.907656010849
1.10288129797
1.24132001972
0.0
1.85799794716
1.80788612901
1.98341557436
2.04815718371
1.80011196999
1.9010536724
2.05335539007
1.86901934764
1.74650313268
1.80961383376
1.80984634144
1.94481714382
1.98238077678
1.89275512167
1.77325445537
1.88584738457
1.82898838928
1.9554989555
1.89015982749
1.89688576186
1.91861309516
1.72179753751
1.81974454988
1.80149749749
1.87175640308
1.2340192249
1.20913076985
1.1795711407
1.0915261923
1.72813091687
1.93509452647
1.77304576256
1.8444094823
1.87323528989
1.93947287715
2.03240063087
2.13312035444
1.89188589583
1.84435481187
1.75349476169
1.75363655894
1.9792494382
1.67777965634
1.7258103942
1.8631172467
1.97556817454
1.81899206343
1.69284915638
1.95375481999
1.75948208861
1.87966513294
1.86728230116
2.04175316864
1.88752971472
1.73082258594
1.13732734404
1.07704857368
1.15884479243
1.16422547336
0.0
1.87194456448
1.82819995072
1.96030625456
1.8309656827
1.82103061567
1.90266380936
1.87104510033
1.87255929047
1.83782863845
1.85589647999
1.96910175619
1.88989490502
1.7384636991
1.82367713574
1.94445554143
1.89312967884
2.12536305873
1.78945271743
1.77918218916
1.87825210636
1.76853127923
1.95735861619
1.88387951523
1.84680353706
1.85339435379
1.14708558205
1.28743622056
1.06417336523
1.05233359292
0.0
1.88030624665
1.79973070087
1.67849777
1.74391976386
1.93708230934
1.67751267699
1.81387890349
1.76752918678
1.95713400694
1.76438575157
1.97127332352
1.83730411671
1.69225817728
1.67825850554
1.82050357301
1.70880866841
1.77089344693
1.84473897998
1.772960522
1.84669248026
1.88590926147
1.72639236072
1.93429207928
1.72607055238
1.76838681285
1.23297223394
1.21763241411
1.1327894261
1.1735787771
1.7397426504
1.74871821232
1.88856271701
1.91849072441
1.73329602379
1.74039072116
1.78726527588
1.86564440417
1.92123292975
1.76373127982
1.88009034505
2.01706692684
1.9672153523
1.84666885868
1.92471423236
1.84044248316
1.85111801982
1.78485334975
1.89191090279
1.81919560821
1.89525583607
1.72668516963
1.87729350686
1.85293822931
1.80482163779
1.89562246766
1.27896297442
1.14902540194
1.22092615775
1.22929197636
0.0
1.84646124419
1.79474018569
1.86353760146
1.75557669371
2.01061030714
1.89139377542
1.87055275858
1.74011668954
1.78397176537
1.82627845863
2.00134696254
1.86390635522
1.93622063046
1.78749717221
1.8353508426
1.81539656641
1.83119348229
1.75519015564
1.91251530871
1.78144772937
1.86528315761
1.6526789704
2.04312532678
1.76991872665
1.78973003056
19.9995392653
1.08933394252
1.07995537461
1.24728697285
0.0
1.77687754253
1.80412373279
1.79817841
1.8890508544
1.88158503122
1.89723217367
1.9840754793
1.85170528104
1.80326154217
1.92957538852
1.83957088816
1.86705220077
1.794494462
1.86029606064
1.84232539734
1.72921322612
1.92236888912
1.83340691547
1.95518953099
1.84652976653
1.70394402004
1.79290420659
1.75832947742
1.80471474886
1.8272295195
0.0
1.18585234451
1.17205394654
1.14304575307
0.0
1.85643360434
1.93671203849
1.91232822675
1.82487705379
1.94556829406
1.76885403781
1.97721131948
2.033632065
1.93405005718
1.94655124455
1.92924049478
1.9187728914
1.95600695545
1.74083513212
1.91135615091
1.93915601089
1.96401004307
1.88179126651
1.87226361162
1.86949683151
2.00126136037
1.68336863452
1.82908708293
1.91182608591
1.87044015094
1.84467639069
1.19715546122
1.31625847551
1.02556884771
0.0
1.87059806022
1.78392436168
2.02241899056
2.01632904488
1.82156891593
1.83776512177
2.0128943955
1.80532630953
1.93075423841
1.80168355386
1.86730349163
1.94609190932
1.9229038039
1.79192641485
1.79334563766
1.76476979311
1.94959696326
1.90815021498
1.90805704847
1.96154318436
1.81959760103
1.97581250585
1.77469683683
1.83066870931
1.83231250552
1.89869354557
1.22453603251
0.956124956958
1.05274379242
0.0
1.90233079374
1.76462065476
1.85482741683
1.79672533634
1.82359266509
1.74015225063
1.90426505912
1.8226447711
1.7243298712
1.8190562251
1.67865475828
1.86503748984
1.89428675952
1.97498119434
1.81463787962
1.82188493767
1.92436752672
1.92831690936
1.92596329117
1.96370958384
1.78852404245
1.89779556685
1.79594765117
1.89694713358
2.06065316994
1.23426182698
1.18456860031
0.998046074342
1.08341001573
0.0
1.98812236642
1.89567523432
1.82315534733
1.79838965689
1.78531858459
1.89981574329
1.96688504219
1.71942531858
2.00973289955
1.75286235501
1.94911278322
1.74105248625
1.77428258444
1.54711447433
1.82954082148
1.70036626668
1.87790341452
1.85080399118
1.98096579225
1.95440575783
1.84854639644
1.89434539401
1.97416709254
2.0977875333
1.98227439499
1.16759459276
1.34001403713
1.21836202719
1.29271427837
0.0
1.96975353314
1.77783806906
1.85059221364
1.82393512732
1.72222111626
1.70052723913
1.7905443662
1.79991874381
1.7762212474
1.79529404624
1.76869055738
1.86474084563
1.94523430544
1.72688933113
1.93374347037
1.74721594719
1.9124848979
1.87010057909
1.9261673995
1.92842792168
1.80863575539
1.86837451367
1.68165328027
1.84106019771
1.84426332269
1.31868731412
1.26903851298
1.10860381303
1.24627516516
0.0
1.88865509468
1.88227301662
1.86928596537
1.94996983369
1.7864851352
1.94557158213
1.92833265672
1.85741894005
1.76372867452
1.87768659072
1.9017099957
2.01710790653
1.93310399759
1.82588919034
1.91415853641
1.92170699572
1.78982425592
1.88630600614
1.85687299213
1.76864179879
1.88808043783
1.70291925609
1.81340980986
1.752205233
1.67926922059
1.11371235472
1.07838337256
1.0689029116
1.14377624241
0.0
1.87786456842
1.7644924319
1.67736048103
1.71849373082
1.75282811415
1.66264877286
1.63813155612
1.93998840603
1.92861785176
1.92050339451
1.84559445809
2.03083339659
1.94041266737
1.88005351348
1.86319052448
1.98028561566
1.97099884546
1.88023597922
1.94577923883
1.85043373674
1.89505557803
1.82935799495
1.9187055492
1.86284928519
1.78439613962
1.07632407268
1.16577779507
1.12188861774
1.07429713774
0.0
2.08441266273
1.9306196131
1.91686098832
1.89577136908
1.95103985681
1.80961731188
1.89395939384
1.91168442393
2.00261311356
1.78153180667
1.8044154113
1.83538471767
1.84828607918
1.83339157577
1.83247738744
1.82161236322
1.8045920698
1.94348010686
1.91897925309
1.80822409207
1.88344350271
1.87992121141
1.93492799153
1.83781776269
1.8320420389
0.950113192624
1.00524987804
1.14642979555
0.88336645652
0.0
1.87528292261
1.84910821292
1.81417374149
1.92496360906
1.79369341277
1.89416429689
1.78551085078
1.75512716637
1.64604900272
1.81266692475
1.78403244098
1.98238920698
1.91428304358
2.04223986575
1.9162138848
1.93224890141
1.81535207464
1.87516965062
1.91028342595
1.99689109886
1.94244793418
1.84277257579
1.99665821652
1.90216804409
1.93662674704
1.07391707223
1.26437395596
1.0465661222
1.10805491376
0.0
1.65710326568
1.87900515679
1.98202922608
2.03764594667
1.96329177488
1.9885867992
1.85698097825
1.80897541061
1.96845843519
1.91176989676
1.78754563615
1.77888401735
1.93118691587
1.76388343869
1.81310159653
1.6503584078
1.94738111952
1.7724532267
1.88504856042
1.94245243849
1.88503531264
1.9342806034
1.89553594713
1.84043874775
1.81379666622
1.2477042661
1.00459011263
1.15653666646
1.14198398177
1.74040720579
1.71193929523
1.86324057472
1.55962393662
1.68719772588
1.6813181072
1.6532501373
1.72122725355
1.7616108207
1.67463040866
1.69077935644
1.77476709095
1.60829638222
1.76090605383
1.76221504326
1.8997416964
1.98201648617
1.69155353047
1.83311972101
1.8075104224
1.99572371666
1.95969320706
1.81019274284
1.73377783487
1.80478681945
1.99530457278
1.02083401281
1.12908148644
1.19697104064
1.10439531559
0.0
1.90132934657
1.874901157
1.93431619573
1.6404487802
1.8948979997
2.04939572913
1.85189628213
1.83102803332
1.78210260392
1.86512939194
2.01121911469
1.87363687161
1.84954161465
1.86947406342
1.748436454
1.91252714514
1.85288572496
1.8879409983
2.01200557416
1.78681604365
1.83610512382
1.9186590229
1.70753186604
1.88153645083
1.80440384908
0.988124406757
1.22947344517
1.1586666387
1.05718456373
1.88286554934
1.80934068072
1.68916464274
1.76599024203
1.91130000417
1.71361510869
1.88417234655
1.94409222481
1.85136125809
1.7729395182
1.90198607498
1.89112909616
1.71342897894
1.63197584901
1.71789922398
1.88992207999
1.97556734702
1.82861536302
1.75118955447
1.82192378296
2.24590430385
2.17795970836
2.27776548029
2.19132245096
2.19254833439
2.29555043405
0.144751101889
0.0254990204249
0.0
0.056134945211
2.15311795069
2.19239189066
2.14252752229
2.45166154341
2.22777331821
2.08902644033
1.74774930439
1.81741889464
1.85622286366
1.79832561408
1.74391034927
1.93393051866
1.88031382659
1.86547715254
1.92230145832
1.8515243721
1.85597995947
1.83890328863
1.69595873828
1.85969279468
1.75984670343
1.67004694382
1.94576610836
1.71299214553
1.77417920993
1.76585254104
1.18995509518
0.963883882318
1.03799217112
1.02947987404
1.25513103107
1.72280291204
1.64121357139
1.91003405373
1.7946265262
1.62001981121
1.72985320745
1.75949215495
1.8806400599
1.91955180562
1.82596808477
1.66272445606
1.75825012612
1.80832674293
1.87668707511
1.9435988097
2.06525725928
1.88959497975
1.86193730315
1.82819683896
1.82007141545
1.83143768843
1.75445426382
1.83296032554
1.69931367981
1.82703623352
1.32932324458
1.28996012486
1.09533064603
1.18090283684
1.80277616206
1.93120510223
2.06534837008
1.83554794377
1.94286324906
1.88407544379
1.87248927586
1.82108108802
1.67733154681
1.60440621724
1.84855470281
1.68546023028
1.78291215944
1.8150117338
1.6490642532
1.94020828932
1.57087081197
1.86754993671
1.88208779278
1.85784980762
1.82248083956
1.79545695239
1.78520962468
1.62578348138
1.79910123611
1.62799165685
1.07486382118
1.12805843811
1.13525852113
1.16658069528
1.94012171545
2.00842046103
1.88683641095
1.77859250396
1.94302220015
1.83719055422
1.78179699649
1.93324313135
1.78920059818
1.76067222288
1.85017162968
1.91513723737
1.69691947135
2.05657536638
1.92556092118
2.03726794601
1.94299205779
1.94730467251
1.97936255513
1.96189073201
1.80697964431
1.99430221109
1.90277848022
2.05453466795
1.95247899554
1.87311484496
1.18340272565
1.05617279904
1.18301719267
1.09259246278
1.93143387778
1.7175011101
1.80944530739
1.73971033095
2.06401066809
1.79175906718
1.89069006583
1.95601358158
1.83494720789
1.83838007229
1.78011638888
1.7673585733
1.96343327796
1.77044717475
1.83624321036
1.89809723291
1.80243686924
1.94003241365
2.00443327204
1.84630618072
2.05183590366
1.90597142346
1.82737010687
1.88937515786
1.86182259976
1.71652708441
1.12983623738
1.13632028101
1.14330272711
1.04739616163
1.95809047123
1.87996175503
1.87040976588
1.84752531953
1.87468672808
1.87326860893
1.92935816331
1.93772877523
2.03910539803
1.95793661043
1.91955384563
1.93711742466
1.71401414759
1.8483440535
1.81976302793
1.7093156168
1.91055741752
1.71441873047
1.71771855482
1.88438860256
1.86556464486
1.81752617135
1.92969151962
1.83532510278
1.77014426779
1.94329882485
1.11314421387
1.27076918622
0.975179104154
1.26936958198
1.75568472192
1.9163393084
2.34904212181
2.38259929722
2.25426329945
1.78519074634
2.56142152845
2.37741385688
2.3371370252
2.52237727002
2.53778519299
2.22876493245
1.87025115736
1.93924386977
1.91273176088
2.3572137624
1.82660544018
1.9922914083
1.73263622006
1.69011525109
1.81387824123
1.79241533817
1.81737640683
1.66274094697
1.79427293825
1.80610112556
10
