1.8620573479
1.88404510325
1.80911828224
1.85398576947
1.83033310743
1.90091040794
1.96168186782
1.79127250539
1.87330607867
1.92042007474
1.86467409973
1.83082128581
1.90597285451
1.9242561074
1.82067126344
1.92771783833
1.95327411873
1.97582634526
1.84593245742
1.81022597713
1.86892339256
1.97371108953
1.8717488908
1.81401901883
1.8291023596
2.01730734243
1.9600580723
1.82844021667
1.8174201046
2.04294264393
1.91879014932
1.76259820884
1.82849960688
1.90696598671
1.73727250186
1.78313422461
2.00186470381
1.93722534967
1.76083112803
1.84186865355
1.88731259264
1.85693790547
1.89200175781
1.78612534569
2.00733833219
1.89391975448
1.89199567383
1.84907264237
1.75916122512
1.84062741198
1.79247919242
1.94389715037
1.85137951697
1.63414451768
1.88151907545
1.69048935071
1.78338942648
1.67582109875
1.82707565744
1.73637515645
1.811867299
1.76127551793
1.80238203462
1.760766574
1.87527792771
1.92939729467
1.8998783972
1.92934674626
1.87287210909
1.92009005854
1.86176794475
1.86207508521
1.85278696444
1.87762646181
1.94014720684
1.77750223376
1.92971111492
1.98819978417
1.89552651101
1.7894556808
1.7640378331
2.09992855646
1.90076815451
1.9455026096
1.84584220277
1.94640022835
1.85280726037
1.77861839091
1.91173218464
1.87766406475
1.91685028678
1.94949384282
1.89680648032
1.97474954973
1.85316590574
1.85021175685
1.93001593628
1.89056106307
1.81332484297
1.8173764928
1.852665217
1.95963423791
1.81370986093
1.82186505172
1.84802587428
1.85281525606
1.82583033704
1.93438017936
1.9385974217
1.92045958438
1.81879939691
1.84780336954
1.81867931571
1.8587990393
1.66148362401
1.85976219058
1.84175539936
1.85162665679
1.96638788488
1.89687065577
1.83000547947
1.86544625207
1.63914979035
1.66253424668
1.68898726696
1.70758911872
1.81639688529
1.70346423298
1.89567412857
1.90256283484
1.80377361341
1.78333432801
1.90870656194
1.71836858692
1.87468426194
1.84230924243
1.79182502094
1.88086368579
1.93429128479
1.82624483862
1.70612751233
1.88334564842
1.545097747
1.96394547838
1.73874486588
1.77421248881
1.61097197074
1.7649827366
1.81155897548
1.82294875811
1.5999660181
1.92441345277
1.75475032163
1.78688295457
1.76189173269
1.82062408224
1.8176487136
1.80739417706
1.80927080964
1.80396405203
1.52409705016
1.86521087228
1.77074165865
1.92060155708
1.907080286
1.85462130579
1.91173457446
1.80745636226
1.84860788086
1.82060667998
1.73153590377
1.819044546
1.84370158836
1.79196326505
1.69315758675
1.73088509028
1.79764791473
1.92283517817
1.84380733032
1.93189910319
1.79123082941
1.7749678201
1.81495762389
1.6961545535
1.83129158563
1.93733853604
1.69708499208
1.75997822224
1.76190997017
1.84667223784
1.7937129653
1.82080156108
1.77097878713
1.74346799086
1.75946773169
1.70046210404
2.02206424143
1.87860073835
1.66627452532
1.81235796117
1.81183738925
1.88711064027
1.77721353538
1.89494761922
1.76999622638
1.8152966639
1.74718908391
1.70562252219
1.85895275657
1.78002862143
1.78636590375
1.88707150476
1.84768039838
1.9712187988
1.83681360959
1.80725366308
1.80815538363
1.89561195678
1.81137302217
1.95857421678
1.91977069656
1.96593040349
1.86150053946
1.8512409213
1.84391232434
1.63663447181
1.73948895102
1.74624761366
1.66340636991
1.71273274696
1.65664502763
1.87655849649
1.65501432523
1.53657660053
1.79139278929
1.69865832852
1.78461921582
1.66427694283
1.80174908282
1.72512363919
1.87339840734
1.7663339998
1.88856012319
1.90106931504
1.74143503218
2.05191524749
1.85834664631
1.71319073801
1.99884623691
1.89423174538
1.88377470713
1.87580939321
1.90645626077
1.80584909791
1.86120130849
2.01338146028
1.77439051692
1.96350910158
1.9374431465
1.79525586416
1.96113225149
2.01438731394
1.69508273905
1.88008048182
1.95779256891
1.97932577098
1.88492125279
1.92003857126
2.08579339206
1.92675500736
1.85825531247
1.71923986239
1.82511621734
1.96015050211
1.82671667972
1.85360820915
1.80171045744
1.97834542148
2.04436521319
1.79489755861
1.89475689392
2.04684186638
1.86055522468
1.74057838647
1.80823363799
1.80604896011
1.93927356815
1.97444895029
1.88971934851
1.77030954866
1.87945306649
1.82686270253
1.95013931616
1.88428948052
1.89178257201
1.91401128701
1.71823178793
1.81319187839
1.79880246205
1.86524327531
1.94574656554
1.9340270529
1.89113255194
1.79315896446
1.73247626761
1.92975173995
1.76759049501
1.83853122381
1.86539710395
1.9321740673
2.02779279242
2.12807722088
1.88974705132
1.84383575617
1.74904735025
1.74884374238
1.97521394864
1.6705652484
1.7227961942
1.86080008161
1.96824810269
1.81186556959
1.68866866827
1.9491004079
1.75442012186
1.87524537789
1.86448846551
2.03653206581
1.88497194167
1.72628733909
1.8272658894
1.80480124879
1.92892541374
1.87760983732
1.70905447259
1.86455197553
1.82533102305
1.95468290644
1.82716884105
1.81502981579
1.89540569749
1.86790732418
1.86888584246
1.83258295784
1.84928574095
1.9619347714
1.88730248078
1.73181639921
1.8162670613
1.93885305254
1.88876082589
2.12149028128
1.78655529207
1.77080869309
1.87306582874
1.76536333449
1.95178363138
1.87774303963
1.83930037479
1.84679775776
1.82296608829
2.00891588016
1.73456693106
1.7650567429
1.86093464607
1.87388817577
1.79089266526
1.67355085501
1.73710997902
1.93303121988
1.67102487977
1.80875976667
1.76089247339
1.95283769415
1.7632469081
1.97062920612
1.83420046459
1.6902011234
1.67117870339
1.81182203015
1.70366303716
1.76571230707
1.84365716804
1.76768448803
1.84511342718
1.88244674426
1.71862138175
1.92714161818
1.72192390196
1.75947107017
1.9308969595
1.92210512226
1.83817517933
1.90309641949
1.79233799382
1.74015022151
1.88255717725
1.91261564964
1.73028553307
1.73793320947
1.78310737204
1.86138551048
1.91677348534
1.75903780764
1.8725456154
2.014606759
1.96561406363
1.84497491857
1.91889460121
1.83576822712
1.84718791037
1.77936369438
1.88862675224
1.81122418542
1.89127956676
1.72395216241
1.87398343946
1.84942687669
1.79773729854
1.89282136693
2.00222597882
1.86581563592
1.89408493437
1.91480666442
1.77189073941
1.83906151724
1.79357206744
1.86159672695
1.75071263229
2.00386136027
1.88633353448
1.86255290331
1.73471596282
1.78093930729
1.81984110785
1.99553004843
1.85956798533
1.9291470114
1.77961130701
1.83014300697
1.81101221103
1.82697130119
1.75014701579
1.90497972341
1.77510391965
1.90229416054
1.65151679345
2.03697168488
1.76278015234
1.78644998847
1.87799665705
1.76089375143
1.78347321072
1.93091572882
1.52249564491
1.77475723061
1.79774705894
1.79225959537
1.88146328939
1.87761198751
1.88982090726
1.97839418791
1.84613400657
1.79754654607
1.92488486162
1.83074864096
1.86378973044
1.7895426891
1.85711068859
1.83501004472
1.72387608826
1.91818306703
1.82753547847
1.9485290647
1.84069382995
1.69516341991
1.78911487673
1.75564265312
1.80125528889
1.82395764272
1.88690725125
1.92522397887
1.90093820196
1.83477613938
1.99242240244
1.87533266979
1.92889981818
1.90404540623
1.81895332231
1.93936904236
1.7618805266
1.97142296414
2.02922375156
1.9269885629
1.94086818426
1.91967700271
1.91333872465
1.95001234524
1.73247963417
1.90512877685
1.93431960881
1.96053034178
1.8731727687
1.86638013309
1.86297648495
1.99431475099
1.67613890018
1.82233168117
1.9058027605
1.86169239016
1.84910901321
1.88837718277
2.02524186374
1.72019285154
1.81735777812
1.93572073718
1.7771779151
2.01685699246
2.00840911661
1.81396553808
1.83198089396
2.00634960193
1.79780518998
1.9215491173
1.79124138456
1.85932909363
1.93985572062
1.91656121744
1.78286875566
1.78656043586
1.75669260734
1.94438144163
1.89780702435
1.89873540303
1.95708127978
1.81547339283
1.97259886991
1.76936759403
1.8234922765
1.82756166504
1.8968593727
1.93013190039
1.68348939643
1.77747658668
1.82934902903
1.8591754552
1.7605861487
1.84994905997
1.78929000878
1.81753404599
1.73329374721
1.89880886984
1.81509842807
1.7193852836
1.81174097996
1.66927187615
1.85646234271
1.88587408135
1.97085653726
1.80489546044
1.81412052539
1.91896716007
1.92208615922
1.91761483841
1.95490732276
1.78139448743
1.89350880879
1.79042537891
1.89065460921
2.05467709355
1.92159958495
1.85377271201
1.69762059849
1.79014007145
1.92617695944
1.94116892219
1.88751694408
1.8165351924
1.79404943562
1.77741569285
1.89134650918
1.95899530545
1.71116172683
2.00798976631
1.74805394276
1.94382340257
1.73537750665
1.76719355062
1.54031472104
1.82129828891
1.69276973735
1.87472776651
1.8443324488
1.97436940542
1.9520143866
1.84329239594
1.89456970543
1.97089264306
2.09156678507
1.97701744878
1.91026550835
2.02681119137
1.91140403266
1.98301050217
1.78919606821
1.96115265144
1.7731606772
1.84663936619
1.82118185616
1.71646416938
1.69415466907
1.78521000676
1.79156260975
1.77009688074
1.79258077829
1.76090486823
1.85875598202
1.94181288319
1.72025143162
1.92693219759
1.74116885201
1.90546549139
1.86532321264
1.9204933413
1.92351898695
1.81553470985
1.86235727797
1.67641702053
1.83689022791
1.83805273526
1.99624898021
1.94488049084
1.81239685449
1.93258386298
1.91396642585
1.8816099622
1.87810198172
1.86542804862
1.94244577014
1.78059051263
1.94066399177
1.92232762722
1.85212292876
1.75715746716
1.87322725346
1.89676142889
2.0107876392
1.92642738792
1.82234862124
1.90554499913
1.91958740023
1.78528780912
1.88062730309
1.84929081526
1.76288883895
1.88366718435
1.6976763952
1.80924522747
1.74543360934
1.67062202433
1.8208564509
1.80923938908
1.78068798093
1.86489750193
1.64206866187
1.87047256294
1.75834183508
1.67255172563
1.71259873671
1.74485685182
1.65675795923
1.63461285236
1.93491516641
1.92064990413
1.91482606513
1.83851495168
2.02084978027
1.93508583756
1.87686002972
1.8566722485
1.97606198167
1.97080909201
1.87710187649
1.93713607808
1.84479126629
1.89466594588
1.82499675116
1.91303382132
1.85477197054
1.77593285839
1.8105004824
1.87249893555
1.82672114174
1.80035910588
1.76505275013
2.07813918965
1.9210637751
1.91341143764
1.89059609705
1.94227936523
1.80318516458
1.88922919056
1.9080542237
1.99747511599
1.77242333147
1.80192975569
1.82889981573
1.84419175265
1.82580338507
1.8241647397
1.81729035213
1.79602149685
1.93784457763
1.9136946081
1.80283289857
1.89610730711
1.87280270344
1.93038486474
1.83317256091
1.8255280763
1.69402301897
1.76127936911
1.85827754592
1.59880969365
1.63011130635
1.86659985301
1.8370018145
1.80067957057
1.91581607178
1.7862622555
1.88447699456
1.77355927819
1.74639936122
1.63728770587
1.80408414646
1.7764104929
1.97425210695
1.90653230962
2.0372208888
1.9069241677
1.92563123478
1.80776785725
1.86514874689
1.9023195658
1.98935476257
1.9741409395
1.83727941035
1.989517101
1.89478976962
1.92951219844
1.81674658928
1.97540220349
1.76099728205
1.81648776561
1.7071599666
1.64637865596
1.87073025484
1.97225899136
2.02870284481
1.95922702386
1.98096236472
1.84597791179
1.80215545609
1.95542746688
1.9039780349
1.78201251483
1.77416625647
1.91866241248
1.75422951514
1.80905613033
1.64378962207
1.94091869777
1.76634207254
1.87918732242
1.93483380813
1.87947693819
1.92535516542
1.88931214627
1.83111222414
1.80659829862
1.94110408268
1.72867592906
1.90198029097
1.88363971383
1.73118853704
1.70612418679
1.85362475914
1.55206897684
1.67945320734
1.67183566197
1.64646143918
1.71371516057
1.75462623777
1.66840964171
1.68516382263
1.76647496366
1.59933505266
1.75449504677
1.75526983935
1.89200191701
1.97427657449
1.68460852757
1.82692819788
1.80226057095
1.98917294231
1.95426050238
1.80499494127
1.72638228816
1.80201202535
1.98995878604
1.70359343022
1.86356020779
1.89592164944
1.82512568725
1.83453222264
1.89569929272
1.870404744
1.92921783885
1.63270355063
1.88952072436
2.04214349699
1.84602289422
1.8262398407
1.77644123116
1.86089199903
2.0065544916
1.86739205547
1.84334105627
1.86367918654
1.74120160594
1.90712100758
1.84499179828
1.88288629832
2.00477175818
1.78382059869
1.82854434364
1.91607305692
1.70265068778
1.87752475619
1.79878055253
1.71927889463
1.89965068954
1.82439362687
1.72984330296
1.87870614983
1.80115027697
1.68418972616
1.75837206565
1.90394515862
1.70837268823
1.87591308629
1.93602768042
1.84684749466
1.76721691367
1.89520572074
1.88602432944
1.71070850897
1.62525278272
1.7122425045
1.8837668826
1.96887502672
1.82373655639
1.74885078591
1.81685670279
2.23902690987
2.16863388829
2.26732817713
2.18423605879
2.18678854182
2.28667655766
2.4155424304
2.24506301873
2.23049679738
2.32381364767
2.14403383558
2.18413194174
2.13517246103
2.44237514628
2.22098416563
2.07731948068
1.74240565002
1.81382714149
1.85097476311
1.79178035619
1.73868473153
1.93064535805
1.87770422773
1.85815585952
1.91789846905
1.84609284187
1.8515110758
1.83473889122
1.68821363337
1.85296077697
1.75286415788
1.66623104796
1.93692978391
1.70548586345
1.76714262096
1.75874226317
1.85758761742
1.68400806906
1.78007709292
1.72026092526
1.75764323478
1.71860619483
1.63398073386
1.9033626283
1.79040065687
1.61360338988
1.72164033374
1.75403674668
1.87450604637
1.91097726104
1.82071252391
1.6546529324
1.75167636878
1.80489438011
1.86976015955
1.93755282904
2.05612583558
1.88394400908
1.85515201142
1.82196675139
1.81323747354
1.82383060457
1.74935344214
1.8241642831
1.69211311778
1.82216571982
2.00659269463
2.00997757761
1.82239633338
1.87901355849
1.79552175111
1.92643129779
2.05572459504
1.83078694647
1.93665841905
1.87766337807
1.86624997615
1.81287111856
1.67000239487
1.59770121272
1.84190634179
1.67823999363
1.7748134186
1.80960585037
1.64359998078
1.93654002695
1.56277748416
1.86124475098
1.8742328697
1.85233224672
1.81545409149
1.78850564715
1.77695145147
1.62001083456
1.79103122444
1.62359355551
1.82393918719
1.87589520819
1.85150191044
1.90530225486
1.93416495127
2.00060763067
1.87965088643
1.77518103652
1.93477888338
1.82805130343
1.77342859484
1.91933466971
1.78367213638
1.75544398241
1.8411265808
1.91259238996
1.68979905438
2.04975340142
1.92006637962
2.02981557068
1.93589266842
1.93920815818
1.97190500786
1.95441170051
1.79975642125
1.99024244924
1.89945780603
2.04988917555
1.94495762614
1.86792263941
1.90372090443
1.77180655597
1.86994136347
1.86252754591
1.92436320284
1.71540733364
1.80510307335
1.73124852322
2.05661265897
1.78543069689
1.88518742912
1.95009420771
1.83202466949
1.83267519936
1.77484950708
1.76024467476
1.95703839483
1.76700080345
1.83157026938
1.89528402626
1.79790064583
1.93359428679
1.99818694656
1.84100366139
2.04763809276
1.90002554615
1.82114862837
1.88630432698
1.85877924474
1.70818569532
1.83056624109
1.84763737892
1.87809399125
1.76025225129
1.95472348501
1.88155989905
1.86639069785
1.84378681077
1.86871131196
1.86964105196
1.92566687902
1.93290422823
2.0340903696
1.95350935393
1.91716700454
1.92968396007
1.70846256482
1.84275347745
1.81790077193
1.70411186641
1.90562314693
1.7126570735
1.71125311652
1.87956929934
1.86475306866
1.81246856366
1.92518412998
1.83059721453
1.76450629185
1.93663807547
1.78269464684
1.96423079569
1.70611202984
2.01938836831
1.74889475174
1.91491717566
2.34131261003
2.37246497399
2.24868709592
1.77749406571
2.55230012549
2.3722856358
2.32817233223
2.51542866352
2.5289859922
2.21901940659
1.86900433648
1.93865494336
1.9121367229
2.35057486599
1.82162733455
1.9876406619
1.72765069328
1.68678509808
1.80914592162
1.79059579973
1.81333879822
1.65610689479
1.78919900507
1.80244578192
10
