0.0
0.0
0.0
0.0
1.15337477298
1.90208042892
1.96434274156
1.7950406428
1.87619306552
1.92421892349
1.8702879685
1.83433000074
1.91101834846
1.9286173197
1.82440880662
1.92802101999
1.95554964343
1.97731611929
1.84820706756
1.81289440902
1.87517904892
1.97816790286
1.87595076758
1.81682364976
1.83363603348
2.01894992697
1.96083225011
1.83214501448
1.81877879751
2.04667489799
0.0
0.0
0.0
0.0
1.09180881164
1.78771708672
2.00820289898
1.9410198702
1.76454800752
1.8440898776
1.88808612323
1.85578197697
1.89589837355
1.7906170453
2.01174581967
1.89895814365
1.89784698363
1.85177753702
1.76157791538
1.84476805384
1.79777203593
1.9447605492
1.85381690106
1.63442169404
1.88648056584
1.69301684205
1.78470086408
1.68139516167
1.83205036588
1.74264048241
0.0
0.0
0.0
0.0
1.22991963943
1.93438249958
1.90511239466
1.9329759306
1.87550253144
1.92515522395
1.86487915564
1.86582952694
1.85616651952
1.88154198719
1.94199940768
1.78120542421
1.93622469132
1.98972365922
1.89872501029
1.78813824686
1.76537530147
2.10224457499
1.90342576245
1.94744923772
1.85041286789
1.95124968107
1.8558241405
1.78218797553
1.91655726017
1.88045877642
0.0
0.0
0.0
0.0
1.19044496288
1.85922402079
1.93503344492
1.89435029362
1.81807917284
1.81952654671
1.85624534052
1.96376677663
1.81598265795
1.82609879215
1.85135533034
1.85788373806
1.82531594204
1.9379675641
1.94029547704
1.92258335243
1.82244222
1.85268382869
1.82161416864
1.86017962398
1.66471572681
1.8623892234
1.84528021881
1.85537447885
1.96951565237
1.89620143991
0.0
0.0
0.0
0.0
1.06787742186
1.71224607891
1.82026954231
1.70802223769
1.8999328494
1.90605175825
1.80678903397
1.78369833081
1.91147143507
1.71951951015
1.87934679524
1.84524756068
1.79624300645
1.88623022145
1.9355599948
1.82881519101
1.71073457978
1.88947665128
1.54693778503
1.96760991325
1.74426553494
1.77753852478
1.61582502234
1.76817725456
1.81565797649
1.82996313355
0.0
0.0
0.0
0.0
1.08666556227
1.8229702875
1.82151107362
1.81093790538
1.8113014172
1.80863141447
1.52827831869
1.86671173524
1.77622082988
1.92531920432
1.9121218245
1.85827281928
1.9149247133
1.8125405795
1.85248149468
1.82293346424
1.7364138457
1.82358426064
1.84936610211
1.79500311143
1.6988956014
1.73513125099
1.80200905534
1.92721098217
1.85095731024
1.93997499871
0.0
0.0
0.0
0.0
1.18473369946
1.94098293614
1.6992046377
1.76407137587
1.76852169854
1.84825462612
1.80049899583
1.82413218025
1.77454176348
1.74744973241
1.76331325137
1.70929219974
2.03028779339
1.8841819868
1.67207081797
1.81743571861
1.81685049306
1.89106596922
1.78207905528
1.90211593631
1.77587047108
1.81667121222
1.7519330843
1.70958671386
1.8646218405
1.78581874421
0.0
0.0
0.0
0.0
1.1675134557
1.80717946505
1.81236576975
1.89927787283
1.81650319562
1.96716219713
1.92469755375
1.9730707838
1.86580711497
1.85452844162
1.84920823303
1.64101063114
1.74379714246
1.75267037387
1.66964812197
1.72097112562
1.66067074534
1.88064870921
1.66158167923
1.54373332673
1.79685937113
1.70344725669
1.78529960058
1.66967311662
1.80859246104
1.72974403078
0.0
0.0
0.0
0.0
1.09082753904
2.05335413058
1.86241274839
1.71181508508
1.99690959578
1.89465824721
1.88539460582
1.87362536048
1.90832802314
1.80481069924
1.86049423946
2.01457894514
1.77456156576
1.96292389797
1.94040414689
1.79551123468
1.9616878146
2.01382300324
1.69416846391
1.88089326575
1.95857887918
1.97819764715
1.88543984693
1.9193450142
2.08510604911
1.92608358092
0.0
0.0
0.0
0.0
1.12608388608
1.85298333306
1.8038361267
1.98027798338
2.04314132736
1.79521644277
1.89679211226
2.04951570766
1.86345089638
1.74371849832
1.80770933914
1.80478047161
1.94046052137
1.97546910008
1.88934158407
1.76993555366
1.8811190886
1.82557503105
1.94989167272
1.88562619091
1.8909030685
1.91408602425
1.71829555543
1.81381627528
1.79805413346
1.86302606903
0.0
0.0
0.0
0.0
1.08260987656
1.94828356852
1.77178759323
1.83885550547
1.86876688382
1.93571730818
2.02550952704
2.1258719273
1.8912244391
1.84150079137
1.75162107593
1.7485082018
1.97591176644
1.67153423521
1.72254529598
1.86013845285
1.97119730623
1.81503841896
1.68855144685
1.95002893207
1.75469327565
1.87596086127
1.86165777883
2.03764399915
1.88564517303
1.72658991132
0.0
0.0
0.0
0.0
1.04766219496
1.86688065427
1.82434820466
1.9553788675
1.82712615971
1.81813043359
1.89699175592
1.86829468838
1.86913375478
1.8312795495
1.849833973
1.9650501626
1.88377570255
1.73145683783
1.81668397924
1.94149874886
1.89113804026
2.12498510592
1.78634394407
1.77561918127
1.87967276934
1.76564810525
1.95342638251
1.87746053203
1.84208591896
1.84777063106
0.0
0.0
0.0
0.0
1.19604035726
1.87333958905
1.79164514451
1.6736731878
1.73823403058
1.93236812207
1.67261189585
1.80971710118
1.76484627378
1.95319656278
1.76253665507
1.96994428212
1.83299665817
1.68813978298
1.67183783704
1.81298620842
1.70390561999
1.7656543011
1.84266343177
1.7679521316
1.84389462044
1.88252143433
1.72250658115
1.92841947065
1.72178788006
1.76171425104
0.0
0.0
0.0
0.0
1.10321469163
1.73946660248
1.88354983163
1.91213582808
1.73108432587
1.73760755021
1.78273450225
1.86108375219
1.919584902
1.76125265042
1.87407659951
2.0178574937
1.96386225365
1.84475817826
1.92139706077
1.83782816204
1.84524976245
1.78145050084
1.89031322689
1.81395315455
1.8938812598
1.72537772792
1.87470018477
1.84878042847
1.80220218016
1.89521738785
0.0
0.0
0.0
0.0
1.13083430744
1.80148871092
1.79026764431
1.860717543
1.74909415102
2.00287674519
1.88296541078
1.8659188628
1.73625607576
1.78403767539
1.82179903225
1.99823032627
1.85752699743
1.93021419014
1.78100325818
1.82865846215
1.81070288339
1.82758860039
1.75230881682
1.90642944961
1.77580639723
1.85577304592
1.6507989508
2.03844992312
1.76402197705
1.78501213942
11.1151222271
0.0
0.0
0.0
0.926008538661
1.69658251721
1.77416447907
1.79528610382
1.88289472012
1.87810534474
1.89148056795
1.97899476557
1.84740437859
1.80106808913
1.92709311947
1.83537176671
1.86566710943
1.79239647585
1.85796946595
1.83516088592
1.72447954762
1.92174650173
1.82733107315
1.94953250923
1.83964276687
1.69777184917
1.78829897387
1.75201176075
1.79962802346
1.82144116106
0.0
0.0
0.0
0.0
1.29766456601
1.85137150969
1.93372679438
1.9072949259
1.81934711909
1.93743096936
1.76526998856
1.97597092048
2.03175120202
1.93461763107
1.94319286307
1.92374517796
1.91693023496
1.95075559557
1.73448415716
1.90667598354
1.93556896861
1.96068070837
1.8758652622
1.86520612823
1.86574850328
1.99430185146
1.67828347628
1.82245504514
1.9068696749
1.86570372427
1.83716842897
0.0
0.0
0.0
1.2045686288
1.86492355562
1.77944658271
2.01548051143
2.0125844825
1.8124907285
1.83180206292
2.00786596169
1.80139370777
1.92570201348
1.79516827441
1.86081589028
1.94063103536
1.91596878402
1.78789179131
1.78687072243
1.75703473219
1.94593196166
1.90001326976
1.90326548782
1.95633639434
1.81687997503
1.97190393864
1.76766970577
1.82578900693
1.82645242943
1.89533028373
0.0
0.0
0.0
1.19074681092
1.89607560642
1.76112221843
1.85371537697
1.79151124581
1.81942330523
1.73379705574
1.89892306189
1.81481698208
1.72204848912
1.81346907368
1.671249654
1.85817148935
1.88950761225
1.97087638064
1.80944971455
1.81671822138
1.92054011864
1.92256469333
1.92090041774
1.95612175521
1.78355100388
1.8951439297
1.78921899363
1.89364622469
2.05489117192
0.0
0.0
0.0
0.0
1.25926965096
1.97773334497
1.27282190049
1.81759903207
1.79523122802
1.779356559
1.8930542409
1.96002788981
1.71344359953
2.01493203356
1.74957793243
1.94554702159
1.73907513385
1.76760415409
1.54184447934
1.82176374948
1.69558918696
1.87304773541
1.84713771524
1.97766240985
1.95479749517
1.84400813855
1.89491440778
1.97187553182
2.08921052398
1.9784148606
0.0
0.0
0.0
0.0
1.18692673321
1.93631246322
1.81978520439
1.8469846338
1.82333723671
1.71815393996
1.69382254781
1.78868521672
1.79701324695
1.77206775206
1.79302426161
1.7633309873
1.85967848315
1.9405832969
1.72202450766
1.92750773512
1.73970425233
1.90730906136
1.8654734912
1.92036435799
1.92543301952
1.80390724293
1.86352156863
1.67520005153
1.83840546498
1.84131868286
0.0
0.0
0.0
0.0
1.25742527022
1.86234474514
1.87837884074
1.86655669682
1.94698789314
1.78277527958
1.94392281708
1.92486077517
1.85256778407
1.75818897332
1.87632738616
1.89692296984
2.01250590878
1.92780025529
1.81972449019
1.9089962593
1.91948973888
1.78754564402
1.88174687362
1.8520987097
1.76514121504
1.88331512691
1.69627177273
1.80993549398
1.74554173679
1.67158667859
0.0
0.0
0.0
0.0
0.948090286676
1.87351846794
1.77684722279
1.67313890675
1.71367731988
1.74732269952
1.65698395336
1.63554608187
1.93685515141
1.92260480754
1.91945263339
1.84188435764
2.02435532977
1.9369387864
1.88059191158
1.85753327072
1.97853939529
1.96775023581
1.8761458161
1.93920702934
1.84722609675
1.89129917357
1.8268808532
1.91740044209
1.85370810767
1.77804637109
0.0
0.0
0.0
0.0
1.13482788558
2.08170897494
1.92396247903
1.91227376789
1.8917405818
1.94809663966
1.80735704098
1.89102874919
1.90924522161
2.00112139052
1.77489227991
1.80203603876
1.83193980261
1.84425490558
1.82567005903
1.82451222217
1.81779951178
1.79812262634
1.93773257453
1.91504718793
1.80396485901
1.87774102428
1.87319866903
1.92921467525
1.83454438311
1.82707563639
0.0
0.0
0.0
0.0
0.98680387528
1.70546011523
1.83595842528
1.80385940418
1.91987477518
1.78836387486
1.88264067228
1.77644962289
1.74753054809
1.63949139114
1.80681845194
1.78078639232
1.97818489746
1.91043082551
2.03626539319
1.9097748777
1.92964080456
1.80704324078
1.86829233739
1.90404776992
1.99194222017
1.93527982805
1.83895193342
1.99095374494
1.8956977054
1.93202425383
0.0
0.0
0.0
0.0
1.0189460541
1.64691239975
1.87287740469
1.97744021372
2.02966579117
1.95814045791
1.98267226236
1.85073678115
1.80343572113
1.96041129468
1.90789191533
1.78407636279
1.77460878213
1.92116424639
1.75849489302
1.81105432643
1.64618755188
1.94060981987
1.76736045874
1.87949117028
1.93436163607
1.88440740926
1.92805946676
1.88944761098
1.83383852029
1.80878310251
0.0
0.0
0.0
0.0
1.05913339621
1.70575863747
1.85745703977
1.55222435203
1.68029691508
1.67639949004
1.64800934646
1.71699197627
1.75498283304
1.66816465204
1.6844060869
1.76952388062
1.60288573737
1.75655226952
1.75424319361
1.89509007061
1.97607883296
1.685295178
1.82908893347
1.80650602881
1.9884167858
1.95214779603
1.8064841757
1.72865348207
1.80035319243
1.9931739225
0.0
0.0
0.0
0.0
1.16196567376
1.88402360964
1.86988305186
1.93130571805
1.63694443704
1.89039833198
2.04688048901
1.84673576337
1.82633842361
1.77556641762
1.86427022471
2.01068444836
1.87068148336
1.84350645396
1.86332656649
1.74376002999
1.90761885613
1.84719776307
1.88723981502
2.00660901797
1.78604217109
1.83144054167
1.91586735824
1.70633875013
1.87745689433
1.80187761618
0.0
0.0
0.0
0.0
1.24774303523
1.51407679685
1.68409832241
1.7615463238
1.90510351674
1.71067392548
1.87974981256
1.93708948383
1.84942814324
1.76946304891
1.89986505634
1.8877915867
1.71120329885
1.6268224302
1.71412391507
1.88569963075
1.96849068871
1.8233100049
1.74857813556
1.81775837914
2.23823732343
2.17195395036
2.27282102188
2.18656262495
2.18977244614
2.29019196119
0.0
0.0
0.0
0.0
0.111294567283
2.18344522693
2.13451279247
2.44529604381
2.22220363441
2.07932485295
1.74542604543
1.81436477468
1.85254881038
1.79298874803
1.74152122241
1.93103941442
1.8779752546
1.85750587281
1.91686894595
1.84833352413
1.85337968344
1.83783180894
1.69116795531
1.85657091027
1.75373431254
1.66662373401
1.94073542222
1.70712978943
1.76837972675
1.76002040732
0.0
0.0
0.0
0.0
1.10736948632
1.71973207555
1.63587877027
1.90575317843
1.79337781586
1.61794611679
1.72499171691
1.75479118335
1.87453349994
1.91582622953
1.82193608552
1.65575686687
1.75132341741
1.80355965973
1.86818416052
1.9356094854
2.05811127406
1.88433527814
1.85565829292
1.82351124233
1.81359222519
1.82500927508
1.74985064471
1.82653546605
1.69334955532
1.82529638988
0.0
0.0
0.0
0.0
1.16065974113
1.92676066277
2.05836220339
1.83045284682
1.94014881081
1.87984499364
1.87087873697
1.81356900077
1.66764091508
1.60049232519
1.84559854168
1.67959705252
1.77535170448
1.80969875164
1.64582516036
1.93673556228
1.56275081682
1.86264784422
1.87358724805
1.85736035455
1.81829319993
1.79110070972
1.78072123008
1.62078674256
1.79070047714
1.62362003474
0.0
0.0
0.0
0.0
1.24568848113
2.00355839114
1.88063733204
1.77497171779
1.93996770946
1.83276052627
1.77861727374
1.92774581274
1.78794117248
1.75648447223
1.84692729909
1.91589022012
1.69203027551
2.05464826326
1.92200394512
2.03574862925
1.93877589205
1.94221051689
1.97767655401
1.95812369225
1.80561735282
1.98963908591
1.90164722691
2.05388641442
1.94728395307
1.86970149665
0.0
0.0
0.0
0.0
1.25623560568
1.71633495541
1.80716257384
1.7344266496
2.05936828029
1.78961814115
1.88452839891
1.95206689935
1.83191601958
1.83432404115
1.77592782349
1.75997632009
1.95637217465
1.76807729099
1.8347800282
1.89880740009
1.7995482114
1.93524504302
2.00273060432
1.83975727527
2.04742861381
1.90446767404
1.82268252945
1.8887777371
1.85920223964
1.71178451616
0.0
0.0
0.0
0.0
1.29268625878
1.88091169469
1.86633757244
1.84716828912
1.87298824541
1.87015020821
1.92730824059
1.93425477294
2.03766802543
1.95856095633
1.91735296008
1.93766352783
1.71141571919
1.84453640007
1.81931107602
1.70669203328
1.90845511423
1.71732816137
1.71282919221
1.87869632237
1.86407327099
1.81572645265
1.92588177218
1.83252751338
1.76915713459
1.94381525771
0.0
0.0
0.0
0.0
1.0640529013
1.91673449724
2.34460214207
2.37786134911
2.25554877003
1.78395729461
2.55812826676
2.37751729656
2.33065006941
2.51999143523
2.53423668371
2.22627430316
1.8667129849
1.93727293974
1.91216193815
2.35475894832
1.82389152576
1.99320515996
1.7312791883
1.69105623856
1.81368610956
1.79347109536
1.81517243797
1.66125428329
1.79116862698
1.80448246909
10
