1.17998083842
1.21915541282
1.80943601804
1.85326515197
1.83108928415
1.89949141253
1.96342423365
1.79194067257
1.87639530574
1.92295192918
1.86415562317
1.83173698789
1.90635578847
1.92607174137
1.82001818842
1.92698115829
1.95434670749
1.97890127039
1.84790379169
1.81042840463
1.87226113093
1.97360001376
1.87110594852
1.81496960447
1.83358677218
2.00001260835
1.96105909832
1.82987173998
1.81858509638
2.04393879841
1.27164019591
1.13866434041
1.83051974359
1.9094599895
1.73871303101
1.78491090405
2.00436685005
1.93793935067
1.76150821683
1.84295693557
1.88937517734
1.85431470541
1.89338865412
1.78790562999
2.00919492889
1.89588754946
1.89392671146
1.84689967256
1.7579484346
1.84270299527
1.79517910356
1.94245194119
1.85380627755
1.63459747496
1.88706597207
1.70594123637
1.78235039294
1.67917126906
1.82862233613
1.73862772294
1.17525423552
1.10474421538
1.8053568792
1.76249321719
1.8755390486
1.93245401491
1.90106041046
1.93135236839
1.87350525236
1.92133011656
1.86438226807
1.86573138419
1.85619862355
1.87799886478
1.94111995616
1.77845300418
1.93179632937
1.98962374624
1.89930593116
1.78743453359
1.76436550921
2.10035271119
1.90164637137
1.94514788092
1.84887509142
1.95903505186
1.85474230775
1.78079404806
1.91423704978
1.87936810349
1.25057572093
1.3030311011
1.89432131253
1.97703471272
1.85310583541
1.85372084294
1.9323392204
1.89099589419
1.81542379669
1.8180352195
1.85480852296
1.96026683406
1.8116961517
1.82532525912
1.8457563431
1.85575623622
1.82388081945
1.93615664444
1.94014294802
1.92102730106
1.82033131402
1.85071811177
1.82045376996
1.85733531233
1.66405607507
1.86227459253
1.84287497949
1.85253760527
1.96754336333
1.89812134685
1.17320948724
1.20770128819
1.63964603601
1.66258926572
1.68898685778
1.71033819671
1.81795595319
1.70513592775
1.89733539447
1.90616824883
1.80346392781
1.7841863797
1.90786831657
1.718624213
1.87620909597
1.84236448145
1.79598502564
1.88430933045
1.93445471159
1.82790732235
1.70770777765
1.88507515299
1.54368279065
1.96504916558
1.73947296139
1.77522377342
1.6122656032
1.766584381
1.81384832437
1.82484052422
0.933491766624
1.27407462466
1.7550359744
1.78572573463
1.76331250622
1.81898547222
1.81987908899
1.80772698725
1.81198004794
1.80762359169
1.52524739018
1.86316750309
1.77411800973
1.92381405557
1.90864149435
1.85512842708
1.91276439526
1.80723740246
1.84965052045
1.82064071701
1.73400796157
1.82316485589
1.8438948151
1.79237944252
1.69716038823
1.73583032011
1.79965723481
1.92199574483
1.84894852119
1.93614648409
1.09281031926
1.11758476486
1.81942378265
1.6987036433
1.83534388076
1.93855055679
1.69832944936
1.76348209247
1.76507697065
1.8484682475
1.79904573263
1.82077958884
1.77338925383
1.74516524173
1.76031435696
1.70273440899
2.02770084696
1.88204294864
1.66742867264
1.81657065729
1.81455070363
1.89287894209
1.78228434772
1.8976236589
1.7738031344
1.81481668637
1.75104521189
1.70923474924
1.86221536276
1.78257200651
1.15188905869
1.18921924933
1.84988102502
1.97393894189
1.84198809603
1.81062801716
1.81096436616
1.89821892188
1.81355968721
1.96320466033
1.92106840895
1.9706817926
1.86397363032
1.85135284702
1.84623238687
1.63916720368
1.74292524771
1.74974626823
1.66397070559
1.71872463699
1.65957706376
1.87775576638
1.65733328364
1.543726157
1.79605218809
1.70512665716
1.7843644538
1.66923982341
1.80520056249
1.72752356993
1.18677822943
1.10492062637
1.88855926447
1.90154238543
1.74327745054
2.0545464059
1.86195514925
1.712360385
1.9988237688
1.89537432094
1.8844371149
1.8776529415
1.90785695715
1.80610545537
1.86320425207
2.01741231451
1.77282955343
1.96221616574
1.94213040656
1.79721384591
1.96406934109
2.01286351284
1.69249726088
1.88155153206
1.95336082624
1.97718255569
1.88559065009
1.91777841977
2.07957485138
1.93755486699
1.17746739069
0.967639471106
1.8264866204
1.96294470875
1.8275554916
1.85629217208
1.80122860583
1.98105191225
2.0460424116
1.79563185206
1.89599449995
2.04812048558
1.8629653743
1.74262657921
1.81207102893
1.80572702907
1.94084277788
1.97706587264
1.88990775582
1.77031413544
1.88196740088
1.82790011883
1.9517368296
1.88716097739
1.89367811598
1.91365650107
1.71907537364
1.81548266205
1.79849309163
1.86846112776
1.28173042947
1.2571686963
1.89260561669
1.79838098808
1.73251417623
1.93167789604
1.77142257851
1.83982882451
1.86711518771
1.93621944104
2.02880936338
2.126850085
1.8910747159
1.8430872233
1.75167558554
1.75007603934
1.97633390042
1.67197876233
1.72552397689
1.86223402145
1.97151354267
1.81664073629
1.69023576113
1.95092797615
1.75679112744
1.8767890394
1.86541470131
2.038387681
1.88726980701
1.72618880612
1.18719267639
1.1281914671
1.9300641189
1.87984002255
1.7103711866
1.86669746749
1.82741965174
1.95657550058
1.82859000308
1.81531348745
1.89683866986
1.86923202244
1.86817201287
1.83267533655
1.85219099939
1.96602137839
1.88412562865
1.73141753476
1.81846768931
1.94094052421
1.88990156267
2.12573653728
1.78602149532
1.77507366842
1.87714699967
1.76760742035
1.95197092459
1.87893349738
1.84218566247
1.84913673831
1.19375023453
1.33814941956
1.73571928485
1.7708720884
1.86192882123
1.87575433998
1.79359534656
1.67329168146
1.73949762669
1.93315747945
1.67361820694
1.81038727642
1.76616948539
1.95192609581
1.76197096063
1.97101147132
1.83545227776
1.6880790411
1.67416481179
1.81287640723
1.70318326006
1.76483249249
1.84350917643
1.77012789283
1.84453733474
1.88468226595
1.72143706875
1.93055700419
1.72359636036
1.76148216625
1.28259353701
1.26651112897
1.8382546751
1.90417701246
1.79319397155
1.74661191604
1.88526959636
1.91524608554
1.73098149264
1.73962875605
1.78328603506
1.86308737903
1.92128481612
1.76172005136
1.87560123395
2.01661574025
1.96799515088
1.84410454879
1.92202952685
1.83863897979
1.84876074965
1.78252927516
1.89294110546
1.81409500088
1.89458555226
1.7263490639
1.87692743716
1.85334633389
1.80121490025
1.89389903166
1.32990006849
1.1996247598
1.89592130999
1.91704977079
1.77600518786
1.84060784967
1.79678386996
1.86426253712
1.75246817087
2.00761844519
1.88576293005
1.86459657973
1.73695320656
1.78484008765
1.82351559421
1.99533508721
1.8607576425
1.92928081243
1.78403367201
1.82881461624
1.81201396869
1.8292455913
1.75103816345
1.90696699414
1.77633591433
1.90851312068
1.64866405445
2.03672128402
1.76723900592
1.78490023415
1.22443517511
1.13879924254
1.78229220583
1.93277424803
1.5283257215
1.77604161303
1.79795846304
1.79446567749
1.8801263944
1.87739402982
1.89123282521
1.98118514651
1.85005821968
1.80177042181
1.92990973099
1.83448214642
1.86488700023
1.79131339828
1.8593942549
1.83810162619
1.72621133242
1.92091961164
1.8289512886
1.95231481546
1.84183916363
1.69789326855
1.79227893109
1.75625980254
1.80453906363
1.82308348193
1.1786780587
1.23954669739
1.9007787046
1.8368779961
1.99134083665
1.874429128
1.93008547257
1.90502703226
1.81990398939
1.9382041252
1.76415063902
1.97351563373
2.02747013986
1.9309712299
1.94266449589
1.92309322357
1.91715289526
1.95076774207
1.7334684561
1.90583932732
1.93434544781
1.95867327597
1.87522386222
1.8653903697
1.86661027374
1.99236986257
1.67591890247
1.82473357719
1.90748043309
1.86584363737
1.12215041765
1.24532835265
2.02444307365
1.72205147199
1.81706628966
1.9344235898
1.78028208149
2.01894417949
2.01086508761
1.81540864867
1.83318637816
2.00762591322
1.79783675491
1.92493427716
1.79207839745
1.85842036791
1.93889535533
1.91754460066
1.78761543332
1.78640179416
1.75955511757
1.94618480924
1.90268345415
1.90168931651
1.95617508585
1.81602052514
1.97109689328
1.76965188588
1.82464933946
1.82748343495
1.25808379714
1.27736736731
1.68622601426
1.77659578647
1.8270757374
1.86098877457
1.76114383168
1.8506179093
1.78968085466
1.81696828966
1.7313057598
1.90124134609
1.8176012396
1.72076279825
1.81213273535
1.66633987198
1.85428870811
1.88375238122
1.97093927274
1.8076819118
1.81522468703
1.91811552785
1.9240511303
1.91636210721
1.95583902639
1.78262094632
1.89527363099
1.79114537067
1.89279590003
2.05557673209
1.28327071194
1.23423948357
1.69782632986
1.78638292209
1.9284292472
1.94217267159
1.88882077592
1.81607280438
1.7950998375
1.7789007919
1.89166903644
1.9595497558
1.71286634762
2.01588306998
1.74737636232
1.9459290975
1.73639947284
1.767920396
1.54224035288
1.82422139118
1.69487521535
1.87301066028
1.8473260865
1.97725985869
1.95408146844
1.84236132273
1.89549045086
1.96862909958
2.09427847079
1.97783349989
1.21464984248
1.38847625421
1.91080659458
1.9841920988
1.79020049294
1.9632452763
1.77403647504
1.84796939958
1.8219995868
1.71876719953
1.69603877865
1.78469467756
1.79307307189
1.77158409555
1.79013020611
1.763111016
1.85861420039
1.94088567273
1.72114266592
1.92608805856
1.74146037021
1.9049978473
1.86475125894
1.92194951044
1.92378899572
1.81667783708
1.86258296974
1.67514183193
1.8372312862
1.83811528361
1.36405110714
1.31587446208
1.81493183131
1.9328799955
1.91434100766
1.88095429463
1.87660412533
1.86672677596
1.94507794873
1.78069784971
1.94277989856
1.9229743219
1.85347770734
1.76149804454
1.87422452892
1.89397115128
2.01342044507
1.92750061759
1.81822215972
1.90580383441
1.91777748968
1.78729549545
1.88123278029
1.84933631874
1.76483925571
1.88409251093
1.69640962491
1.80816763039
1.74473397506
1.6714039709
1.16279094547
1.12384214081
1.78261742483
1.86747994963
1.64278916993
1.87232797288
1.75942957767
1.67497743183
1.71499994307
1.74631696627
1.65580767354
1.63429897513
1.93554578341
1.92253388801
1.91493698852
1.83949375923
2.02439422861
1.93596044307
1.87665088934
1.85849829351
1.9756351664
1.97204274385
1.87698382314
1.93955165955
1.8463569699
1.88987382175
1.82371890792
1.91616781186
1.85536524367
1.77965377182
1.12552486836
1.21501765012
1.82823639806
1.79879078822
1.76486143021
2.07762812372
1.92142603432
1.91230493636
1.88837286778
1.94532991036
1.8037131544
1.89253333501
1.90798032563
2.00007749568
1.77467806722
1.80468403245
1.83215749402
1.84381996601
1.82347860273
1.82565390072
1.82055270157
1.79752204213
1.93819338064
1.91560011419
1.80685373233
1.90140080383
1.87235296502
1.93026213452
1.83571438053
1.82706421626
1.00245365411
1.05986693225
1.86216660664
1.60036659338
1.63252054483
1.8646455382
1.83941545765
1.8038895011
1.9212011859
1.78586873575
1.88388463594
1.77822611554
1.75054600399
1.64057573828
1.80619478472
1.78071649925
1.97776240928
1.90819083384
2.037066265
1.91084681958
1.92938100193
1.80992644
1.87008870622
1.90645152253
1.9898879974
1.96543608446
1.8403567839
1.99097214203
1.89365039804
1.93274519066
1.12721703633
1.31609362676
1.76606603375
1.82122920265
1.71216139781
1.65061321734
1.8746486833
1.97642090447
2.0325126337
1.95731543926
1.98233652435
1.8516739037
1.80415328112
1.95948495902
1.90647993489
1.78289705703
1.77779198429
1.92223114358
1.76137384814
1.80978894874
1.64653739879
1.94311263314
1.76891841649
1.88081386416
1.93774063494
1.88307661969
1.9291970363
1.89297900034
1.83597562387
1.81111907635
1.29960532473
1.05672107257
1.90427228112
1.88659319037
1.73376698242
1.70772326548
1.85839515118
1.55346272917
1.68179117244
1.67192111328
1.64843263145
1.71629177156
1.75694215722
1.67236020177
1.68484274179
1.77108717155
1.60170902221
1.75591652633
1.75476491981
1.89582068684
1.9764288693
1.68455535487
1.82750226888
1.80502995854
1.99064459295
1.95627704334
1.80716048811
1.73050212007
1.80003061223
1.99202205562
1.07207897133
1.17969610162
1.90107944347
1.82800613567
1.83513072163
1.89641981824
1.87092867137
1.92997677578
1.63663438926
1.89320017324
2.04530104946
1.84801053967
1.82567707953
1.7782442949
1.86527405415
2.00870441866
1.86823020934
1.8467744903
1.864647121
1.74386897723
1.91147842797
1.84832917456
1.88869717478
2.0072826385
1.7878581933
1.83178384621
1.91669246928
1.70391905835
1.87857903526
1.80189107945
1.04123432114
1.2801390419
1.82534140073
1.73194688662
1.87907146017
1.80443882207
1.68410388368
1.7616790758
1.9049352874
1.70896571779
1.87993279478
1.93725416486
1.84608418272
1.76940718038
1.89993204549
1.88746440522
1.71287815814
1.62704094125
1.71549277356
1.88715671522
1.97163855232
1.82242190197
1.74850857127
1.82190344869
2.24007236079
2.17200709636
2.27174643804
2.18674148356
2.19020603411
2.29308222904
0.339314448877
0.218866352741
2.23452056325
2.32773916557
2.14561707906
2.18751172897
2.13509788999
2.44368605725
2.22080111917
2.07995185565
1.74342702401
1.81568798362
1.85063171583
1.79365065832
1.74107752253
1.93058719624
1.87860371737
1.8588352077
1.92099981072
1.84730428812
1.85469348916
1.83588353854
1.6928246364
1.85671897906
1.75631935109
1.66845113553
1.93924751194
1.70614200563
1.7704498
1.76237333671
1.24061799098
1.0124067744
1.78111123104
1.72285729313
1.75605238353
1.72047899355
1.63273634478
1.9050018334
1.79059853781
1.61817716759
1.72705622772
1.75575773792
1.87630247905
1.91482394926
1.8217996172
1.65637419068
1.75178196555
1.80644874513
1.86971070992
1.93769866876
2.06060238341
1.88555611845
1.85834099362
1.82344159378
1.8155166131
1.82381846731
1.75125418681
1.82816220164
1.6946343318
1.82231680854
1.37918818023
1.3402823135
1.82334300054
1.87955389182
1.79610457448
1.92675387371
2.05991462577
1.83330345248
1.93947483505
1.87949224677
1.86950732426
1.81534969252
1.67118151632
1.59946968312
1.84722744764
1.68226680059
1.77877951605
1.80940973545
1.64651953445
1.93806930661
1.56678158602
1.86325340621
1.87596023404
1.85530425159
1.81612288024
1.79435564027
1.77892304252
1.62004904134
1.79284740782
1.62564185644
1.12337450146
1.17917692451
1.8517298636
1.90480336504
1.93687861486
2.00237418723
1.87877399107
1.77595841883
1.93457403849
1.82738424654
1.77565860765
1.92401918477
1.78196748352
1.75282018535
1.84000754375
1.91183975782
1.68699286016
2.05178040014
1.91901834248
2.03288449263
1.93238945486
1.93894961168
1.97409281857
1.9550087661
1.80111488578
1.98992978288
1.89823518548
2.05136597063
1.94497424793
1.86991041116
1.2345470483
1.10968515971
1.86775428103
1.85977790827
1.92604937231
1.71290081229
1.80529916407
1.7302991174
2.05501246742
1.78466809961
1.88051164957
1.94923062159
1.8323760002
1.83138926053
1.7738952067
1.75908221066
1.95160528658
1.76491408296
1.83201794231
1.89806636011
1.79783955609
1.93381928985
1.99788600852
1.8389406806
2.04762591451
1.90181730645
1.82001284836
1.88893968679
1.85643568499
1.70821540949
1.18465848715
1.18751309455
1.87465044481
1.76340346454
1.95589951814
1.87867955727
1.86578264813
1.8450981676
1.87053905449
1.86697887396
1.9278481398
1.93450593543
2.03366108078
1.95654571524
1.91842540232
1.93162973786
1.71186905612
1.84343429744
1.81600638266
1.70303621482
1.90697190844
1.71478801083
1.71230962572
1.8773298838
1.86456168416
1.81336658932
1.92611935896
1.83133869569
1.76738390905
1.9399124412
1.16393889863
1.32163087397
1.70399395566
2.01898616254
1.74904244838
1.91553324658
2.34163062728
2.37469812611
2.25047765216
1.7825764657
2.55503788536
2.37669780944
2.329833986
2.51806377567
2.53404452453
2.22213719142
1.86806268027
1.93902451849
1.90915562508
2.35180911246
1.82308808309
1.98774949173
1.72839538863
1.69009641102
1.81087538933
1.7932442682
1.81375790354
1.65785806147
1.79149823276
1.80215566764
10
