1.86009592183
1.88284592786
1.8079714282
1.85238566687
1.82764470056
1.90278146789
1.96227405323
1.79263757994
1.87302702922
1.92135927788
1.86636033547
1.83523590174
1.90723945454
1.92451658295
1.82133936271
1.92775415604
1.95346959769
1.97702163139
1.84531854981
1.80801316472
1.86930214872
1.97288591714
1.86972573529
1.81448245974
1.82794213399
2.01916172493
1.95966823815
1.8278062096
1.81822790408
2.04458096417
1.91907874129
1.76482017113
1.82819648988
1.9056617598
1.73517195375
1.7855549989
2.00216455741
1.93872448753
1.76061355612
1.84226691429
1.88887383494
1.85329793118
1.89203451131
1.78675507735
2.00776614987
1.89306545352
1.89384705668
1.84758003365
1.75942257845
1.8419141724
1.79190108509
1.94171656407
1.85044221071
1.63234359565
1.88092732694
1.69403068659
1.7828170067
1.67489813148
1.82786053779
1.73673456872
1.81063859053
1.76029580304
1.80146882311
1.7585857788
1.87614415336
1.92919899676
1.90098830827
1.92895689963
1.87133728228
1.92022637508
1.86148122488
1.86036862579
1.85349332842
1.87666590379
1.94091538858
1.77670037173
1.92991650737
1.98644260626
1.89623281909
1.78780731818
1.76550188343
2.10108489289
1.8993205162
1.94526461017
1.8463015136
1.94515429161
1.85274330332
1.77860090381
1.9127549823
1.87639490162
1.91712424825
1.9476407708
1.89202263488
1.97511958962
1.85500699224
1.85325555813
1.93024741985
1.88848315735
1.81021449606
1.81401787315
1.85122852261
1.96081053612
1.81169026963
1.8238772844
1.85014201529
1.855451754
1.82374671982
1.93401049157
1.93935817956
1.9171881882
1.81898421131
1.84944655659
1.81892983407
1.86029324613
1.65932389242
1.86036094216
1.84203197988
1.85225714959
1.96723841792
1.89654229941
1.83257699585
1.8649149952
1.63545699592
1.66169645001
1.68919752623
1.70788095887
1.81884292834
1.70418478877
1.89766143
1.90233915169
1.80466284969
1.7827110595
1.91051561328
1.7182309074
1.87568729551
1.84425033475
1.79186005905
1.88211220852
1.93490304784
1.8243638119
1.70510193102
1.88423198584
1.54546008513
1.96356571017
1.739480386
1.77435931276
1.61193704647
1.76314055862
1.81427305406
1.82383878291
1.59900310239
1.92231543218
1.75266202777
1.78506070681
1.75959436111
1.81793455052
1.81623885159
1.80760280071
1.80842201314
1.80513037098
1.52378898834
1.86393107489
1.76949085192
1.91938004063
1.90720154041
1.85159256993
1.90835312006
1.80549237562
1.8475340712
1.82078041665
1.73346578007
1.81968060471
1.84081971977
1.79238630663
1.69505330928
1.73424358156
1.79723583448
1.92187305679
1.84716651414
1.93249042803
1.79263555192
1.77758681389
1.81637466939
1.6936816601
1.82983634664
1.93892320698
1.69616667589
1.76112106811
1.76293928137
1.84379962457
1.79715278985
1.81969547822
1.77073665622
1.74193746625
1.7607633494
1.70209190096
2.02404189697
1.88019674331
1.6709422602
1.81010539892
1.80978902854
1.8889357908
1.77977761676
1.89392965648
1.77245435095
1.81279854202
1.74822848512
1.70530047111
1.86203301499
1.77826850955
1.7863873511
1.8891337544
1.84898144997
1.97298088149
1.83641307747
1.80678801653
1.81114321333
1.89845354954
1.81336823069
1.96126369704
1.92099243032
1.9677644237
1.86380850563
1.85047544576
1.84532875523
1.63756501669
1.73875983198
1.74794922686
1.6643418846
1.69670818181
1.65726957808
1.87388516971
1.65601974493
1.53826820057
1.7922227303
1.69894300516
1.78565030861
1.66625042783
1.80145702475
1.72588322003
1.87345391508
1.76859853664
1.88992113919
1.89935164298
1.73998504897
2.05094603138
1.85845564995
1.71014774365
1.99626729711
1.89423465787
1.88192282558
1.87480190569
1.90553507886
1.80371304883
1.85695011377
2.01196041867
1.76967890769
1.96043940037
1.93705866251
1.79275248166
1.96304801059
2.01183157762
1.69410768471
1.87992780201
1.96060683792
1.97796483298
1.88485777429
1.91908561225
2.08733728329
1.92027107698
1.85448447817
1.71647239833
1.8266830873
1.96011495697
1.82389174604
1.85076118809
1.80461484683
1.98155807966
2.04585124524
1.7990318768
1.89623386138
2.04851869982
1.86343918954
1.74004053174
1.80781924994
1.80437250935
1.93890754794
1.9767322111
1.88732284855
1.76743390311
1.87893954632
1.82741424475
1.95003702961
1.88600147439
1.89128956352
1.91168631462
1.71689690394
1.81229012833
1.79722141367
1.8616224974
1.94512263031
1.93333353813
1.88816065148
1.79411848893
1.7329495185
1.92930205916
1.7697670975
1.83842200919
1.86334577581
1.93143388655
2.0269796693
2.12919415006
1.89013588779
1.84032194662
1.75254144153
1.74996855274
1.97827183581
1.66863450726
1.71989189683
1.85587807441
1.96651596589
1.81511683922
1.68594221299
1.94777117902
1.75684806172
1.87400427929
1.86011373716
2.03534475552
1.88481731786
1.72743261472
1.82834507444
1.80754575254
1.929215196
1.87520198104
1.7076140874
1.86712263705
1.82366133192
1.95157174767
1.82516022116
1.81491909306
1.89606994549
1.86122201853
1.86754967536
1.83435385198
1.85004717897
1.96372925547
1.88477810898
1.7299018705
1.81653792175
1.94215067993
1.88722868585
2.12354920456
1.78463766154
1.77339763449
1.87551827895
1.76646268076
1.95140789316
1.8771060512
1.84183106406
1.84922214355
1.82171541702
2.0104019262
1.73228807626
1.76464010542
1.86057074229
1.87480863777
1.79187326344
1.67274660861
1.73638428774
1.93209001449
1.66852441721
1.80767780387
1.75926431528
1.95160225442
1.7602510303
1.96834853862
1.83363893266
1.68995466241
1.67134910045
1.81237890819
1.70001313908
1.76485550444
1.84187469031
1.76717004863
1.84149049233
1.88238670524
1.71831521803
1.93078454161
1.71786510196
1.75711918738
1.92768324904
1.92087398206
1.83586008934
1.90179694465
1.7893401668
1.73923750605
1.88319879029
1.91151277959
1.73034012232
1.73540480614
1.78178075691
1.85890576729
1.91465880497
1.76145335589
1.8725763475
2.01218961083
1.96717342275
1.84454362618
1.91648721154
1.83610168832
1.84779432697
1.77956479595
1.88951901771
1.81195349065
1.89125722522
1.72179482879
1.8716883535
1.84974553436
1.79802657348
1.89184303989
2.00171751068
1.86300465411
1.89324081133
1.91472033839
1.77131007561
1.83762259025
1.7916499829
1.86178660205
1.74941088448
2.00342172147
1.88461769195
1.86395218766
1.73123499372
1.78206948765
1.81624857828
1.99394114775
1.85775589384
1.92848404404
1.77889834423
1.82622480869
1.81157641027
1.82564059956
1.74584058898
1.90299275776
1.77669102849
1.89972680206
1.6480815881
2.03412264709
1.76365838686
1.78386701077
1.87702801992
1.75922585651
1.77834938725
1.92957270641
1.52581565508
1.77556228433
1.79756113636
1.79290711382
1.87691436498
1.87453314301
1.88765346325
1.97583751547
1.84632759673
1.79886462095
1.92560452163
1.83143158884
1.8636061149
1.78927823733
1.85526212354
1.83283568809
1.71935569321
1.91996016303
1.8287576023
1.94809067005
1.83987362028
1.69743056185
1.78947229961
1.75379591369
1.8004862886
1.8241237697
1.88471348221
1.92537984776
1.89800995683
1.83256843254
1.98943851444
1.86991395034
1.9276846583
1.9040153306
1.81768828042
1.93693010306
1.76261920438
1.96631037131
2.02654645352
1.92391864674
1.93734611238
1.91999984362
1.91125030077
1.94382393395
1.73198465818
1.90293094182
1.9308423215
1.95390754929
1.8738553298
1.86276282304
1.86009019047
1.99138677075
1.67388034021
1.82193042158
1.90448082488
1.86334508695
1.84320587615
1.88333167837
2.02363660513
1.72004130343
1.81547723204
1.93075369533
1.77549496058
2.01582533626
2.004922299
1.80976943654
1.82609757821
2.00553931428
1.79928545834
1.92291603319
1.79125698898
1.85494524222
1.93757431692
1.91616934384
1.78318336455
1.78435855718
1.75089640829
1.9448182425
1.89826277614
1.89833327012
1.95478834969
1.81354533129
1.9692780748
1.76593060571
1.82247460746
1.82574858976
1.89149285196
1.92735873835
1.68034524699
1.7721657313
1.82546793058
1.85597347947
1.75758143439
1.84655525504
1.78396772373
1.81454067635
1.73063763672
1.89886673323
1.8120302549
1.71748483391
1.80598532022
1.66603210045
1.85468985314
1.88157888454
1.96811084323
1.80519890407
1.81264114727
1.91707476389
1.92189621836
1.91332486672
1.95388294414
1.7811732935
1.88940253308
1.78770339128
1.89220452132
2.05256224052
1.91905603247
1.85020765144
1.69313471777
1.78044143655
1.92535601991
1.93813194952
1.88742181664
1.81289428888
1.79574692507
1.77915316032
1.88896053056
1.95683283133
1.71340642349
1.91595575102
1.74525968865
1.94285088708
1.73538968462
1.7641322239
1.53862180427
1.8188264441
1.69083864379
1.8706270833
1.84522772903
1.97570968694
1.95410091276
1.84250642545
1.88988151261
1.96690284006
2.09261341437
1.97373625515
1.90867250439
2.02601748225
1.90919448765
1.98075365961
1.78512921547
1.95889571167
1.77178479705
1.84801143544
1.81734682998
1.71547940854
1.69081729392
1.7838849307
1.78904074743
1.76599762138
1.78614595553
1.76132285244
1.85435294437
1.93840623853
1.71917171898
1.92503055364
1.73567017098
1.90471952318
1.86498742081
1.91741616969
1.92124840981
1.8149890926
1.86091564087
1.67385619984
1.83752575605
1.83646366164
1.9934808658
1.94387594008
1.81309440438
1.93153542638
1.91139574298
1.8808745791
1.87400253601
1.86424949978
1.94155535635
1.77929063593
1.93940853788
1.92223760156
1.85112756314
1.75844072094
1.87284135692
1.89339929475
2.00873491372
1.9244846323
1.81499493644
1.90494981431
1.91628749954
1.78236801291
1.87802623749
1.84620464234
1.76198710098
1.87989739534
1.69420196485
1.80440633745
1.74420987729
1.66908099568
1.81942926672
1.80710314233
1.77995576803
1.86432975108
1.63966471247
1.87009586278
1.75465658146
1.66944999956
1.71145825272
1.74034864517
1.65146402119
1.63047073137
1.9344873391
1.91861605029
1.91435694817
1.8371771317
2.0175428538
1.93496148618
1.87482364624
1.85652421803
1.97835208428
1.97050432641
1.87529958726
1.93767507213
1.84447051961
1.88942036504
1.82293343058
1.91546319417
1.85211509967
1.77543586939
1.81058305179
1.87267172375
1.82622654542
1.79633876555
1.76327730289
2.07779676056
1.92157518109
1.90901563186
1.88890486609
1.94281409357
1.80223812231
1.88958908896
1.90392142959
2.0008423775
1.7713182835
1.79967943583
1.82854954164
1.84006581828
1.82013061273
1.82277203653
1.82052715317
1.79760888004
1.93442761322
1.91520200785
1.80192137607
1.87599181134
1.86927673071
1.92943426132
1.83333508648
1.82488219722
1.69056419242
1.76046987983
1.85974353133
1.59549009675
1.62548922308
1.86191447682
1.83206581422
1.79975656349
1.91648537864
1.78370859619
1.87807840518
1.77145666141
1.80917396808
1.63635303214
1.80437331841
1.77626357739
1.97377140739
1.90443103885
2.02998007131
1.90428351315
1.92254830076
1.80279503828
1.86542460048
1.90156426521
1.98685931392
1.93420556612
1.83475296221
1.98775870815
1.89178367506
1.92819582328
1.81644226117
1.97411943185
1.76005078037
1.81414939838
1.70534377587
1.64272568792
1.86888237289
1.97228890368
2.02346452519
1.9559214969
1.97697020712
1.8445008266
1.79703153874
1.9549188694
1.90047542052
1.77856132887
1.77157746619
1.91654021885
1.75328876955
1.80272762077
1.64131725701
1.93330261147
1.76072294751
1.87233944715
1.93449031509
1.87587588992
1.92369712352
1.88424750038
1.83162048685
1.80428239968
1.9389219064
1.72691801861
1.89604439933
1.88244937592
1.73116828045
1.70188803358
1.85584349381
1.5538033431
1.67677133691
1.66882134925
1.64515773127
1.71443314132
1.75271649049
1.66670470901
1.68176496035
1.76315604377
1.5943857665
1.75018990418
1.75046158482
1.89137345899
1.97225481767
1.6813247637
1.82818872
1.80285246871
1.98548351089
1.95145776491
1.80303868367
1.72559846261
1.79729331951
1.98895127408
1.69959938177
1.86053436949
1.89219375775
1.82261521171
1.83024149505
1.89472926127
1.86833606487
1.9281302831
1.63001075477
1.88669362573
2.04101376874
1.84228361667
1.82115242538
1.77425460968
1.85875709445
2.00551541588
1.86734367661
1.83936366546
1.86108904758
1.74263996604
1.90703940601
1.84590789495
1.88441820417
2.00197119186
1.78016021072
1.82871660155
1.91431565463
1.70210376723
1.87805074727
1.80028934837
1.71888448593
1.89930003161
1.82351335652
1.72798097457
1.87707639033
1.80428514597
1.68130620726
1.7581966208
1.89954810877
1.70585762688
1.87438341626
1.93240716353
1.84435726985
1.76672931224
1.89575053266
1.8835217727
1.7084711761
1.62219236053
1.70992839185
1.88109525041
1.96611061984
1.82070575491
1.74516546682
1.81530990508
2.23474949653
2.16359454187
2.26399576311
2.18052314345
0.0
2.28388688413
2.41350724865
2.24056260436
2.22968705345
2.31917069099
2.14238944974
2.17811076049
2.12650751197
2.43792248947
2.21323792802
2.07051636848
1.73677192567
1.80832176285
1.84660657383
1.78582664008
1.73346251716
1.92694424107
1.87246006699
1.85475383151
1.91424394376
1.84344431959
1.84893711324
1.83001223101
1.68439936042
1.85015554366
1.75002489428
1.65717114373
1.93538660967
1.70324382932
1.764313547
1.7576508973
1.85510589405
1.68578093561
1.77502948412
1.71779473821
1.75452622309
1.71570650384
1.63244004506
1.90139670948
1.78654488419
1.61343403702
1.71969726902
1.75361977317
1.87123471712
1.91146489976
1.81577152449
1.65221931897
1.7499198647
1.80095072772
1.86507773061
1.93449102258
2.05425042453
1.88163654907
1.85026530101
1.81893798257
1.81137690217
1.8210374024
1.74444902375
1.82094604481
1.69073363999
1.82105735311
2.00623348272
2.00956211959
1.81845747522
1.8773450445
1.79292890107
1.92472078082
2.05466561968
1.8270146521
1.93563376252
1.87679487151
1.86391126627
1.81247044341
1.6662628633
1.59577998857
1.84411041954
1.67875703837
1.77353549708
1.80742887922
1.64070981093
1.93389528542
1.56090966952
1.86075029335
1.8701563009
1.8473575471
1.812857603
1.78924447389
1.77454866899
1.61743053614
1.78425730883
1.62061483435
1.8278846233
1.8784026271
1.85579575479
1.90949802501
1.93736674469
2.00224178762
1.88247593496
1.77905639316
1.94154339458
1.8330005326
1.78029056099
1.92549594714
1.78491906696
1.75942374103
1.84418670996
1.91504990036
1.69405836809
2.05519326658
1.92041669773
2.0352809175
1.93801932369
1.9395964111
1.97704381338
1.95829183434
1.80255322939
1.99258020151
1.90208167725
2.05505680393
1.95050340537
1.87152144524
1.9051244104
1.77539959166
1.8707652716
1.86089752761
1.92974223036
1.71699116779
1.80620554035
1.73067024583
2.05749744887
1.78851956499
1.88569942128
1.94991030228
1.8345072812
1.82956505531
1.77467938683
1.76204259704
1.95566717856
1.7648105325
1.83798050364
1.89788868527
1.80057481047
1.93898868445
2.00165809982
1.8418108622
2.04777205071
1.90462387116
1.82197172583
1.88788176987
1.8592009063
1.71262581681
1.83314285926
1.8503792626
1.87917275033
1.76296235695
1.95736338587
1.88043243087
1.8671338435
1.84616175523
1.872607116
1.86838842433
1.92964594928
1.93337832207
2.03719679816
1.95661406615
1.91971880849
1.93604122996
1.71379026883
1.84577389318
1.82288392571
1.70898718685
1.90718454189
1.71612507053
1.71623701673
1.88123290181
1.86576673535
1.81719459156
1.92636281512
1.83504670259
1.76903461204
1.94119375056
1.78940951195
1.96706741632
1.70747032755
2.02171723168
1.75197161786
1.91937563344
2.34583978629
2.38145166725
2.25199386294
1.78250899155
2.5590431824
2.37932479962
2.33433011445
2.52353507683
2.53967862333
2.22972870837
1.86821117491
1.93867975723
1.90967642664
2.35681217769
1.82418297642
1.99025572769
1.72955223385
1.69223403479
1.8123124905
1.7951094451
1.81452955409
1.66036332304
1.79136535152
1.80373724527
10
