1.18014272706
1.88480095442
1.81073654903
1.85342158285
1.83099401142
1.89953634881
1.96129180122
1.79362214705
1.87463063434
1.92125035742
1.86595966268
1.83257772677
1.90699819648
1.92398688353
1.82056481539
1.92869274855
1.95360841932
1.97625871312
1.84642978068
1.80933529617
1.87265367481
1.97471166026
1.87357322935
1.81726019129
1.83177977087
2.0177830394
1.96126852904
1.82846841933
1.81691766379
2.04593958521
1.27194536388
1.76436772212
1.83037096178
1.90916910081
1.7386887566
1.78561401184
2.0032147678
1.9375823047
1.76055386915
1.84508404968
1.88742711241
1.85426436525
1.89265797137
1.78897696089
2.01059275149
1.89430166023
1.89519971605
1.84845740847
1.75956443232
1.84408989175
1.79495179186
1.94406234456
1.85137977377
1.63520741011
1.8826533413
1.69113423192
1.78347514594
1.67861080472
1.82970117622
1.73839358368
1.17377731249
1.76124810862
1.80175909545
1.76270241883
1.87484712662
1.92925615769
1.90246345252
1.93219324295
1.87316337348
1.9216318014
1.8627883231
1.86250232385
1.85412425448
1.87789574178
1.94142315043
1.77855858185
1.93026800723
1.98977334329
1.89871416492
1.78771978086
1.76617101404
2.0991374096
1.90141660376
1.94262631722
1.84651233493
1.94806448237
1.85396369979
1.78044462337
1.9128866149
1.87941928855
1.24892348052
1.95125033385
1.89571790526
1.97466652826
1.85617963994
1.85673690584
1.93056552855
1.89511631318
1.81451454437
1.81831557492
1.85332243445
1.96143344724
1.81330930978
1.82775510819
1.84600415115
1.85151001578
1.82441540831
1.93577469811
1.93965822772
1.92045427634
1.82064809271
1.84897360431
1.81782796131
1.85850437048
1.66271660058
1.85891685961
1.83966839319
1.8532531185
1.96779140748
1.89724834617
1.17564071925
1.86530879389
1.63856322309
1.66335155094
1.68800586973
1.70921315356
1.81812054533
1.70584431061
1.89686799423
1.90551983722
1.8046398563
1.78478231302
1.9080672412
1.71813718385
1.87650163296
1.84192815068
1.79303584774
1.88279792793
1.93638361845
1.82543025556
1.7055781852
1.88767030337
1.54721922054
1.96577908599
1.7389444158
1.77612272674
1.61063351209
1.76507452184
1.81545714932
1.82687239539
0.934882661249
1.92450517959
1.7549557981
1.78735168523
1.763344299
1.81626704734
1.816354738
1.8058854064
1.81009292795
1.80674088613
1.52557284166
1.86526516229
1.77285905118
1.92179601325
1.9101640973
1.85726084977
1.91428333515
1.80648252288
1.8492377754
1.82289961593
1.73337757858
1.82255959099
1.8453979394
1.79306061054
1.69635139165
1.73487364443
1.7971856913
1.92277598689
1.84749843768
1.93744864564
1.09139227975
1.77689695286
1.81829660402
1.69924764974
1.8347783121
1.93929309549
1.69708921858
1.76132341424
1.76531133865
1.84534259342
1.79834605855
1.8195748416
1.77292009459
1.74201494086
1.75929618184
1.70448816471
2.02692639129
1.88033729536
1.66917248532
1.81366833265
1.81217938189
1.88835387397
1.77732938634
1.89640312487
1.77257700022
1.8165546721
1.74381599358
1.70932841591
1.86064166204
1.78303400743
1.15060013935
1.88899814448
1.85022681496
1.97231035339
1.83755052969
1.80961959311
1.80976745526
1.896445576
1.81269516948
1.96304608374
1.92021638094
1.96892365557
1.86290066563
1.85063774353
1.84456963278
1.6405123462
1.74193953778
1.7499032016
1.66295601668
1.71423876516
1.65750259673
1.8760443638
1.6579694
1.53983891011
1.7947862307
1.70092541573
1.78349902107
1.6669434657
1.80237949805
1.7259567934
1.18858187705
1.77073057685
1.89053816963
1.90066616231
1.7426332085
2.05420416387
1.86034871633
1.71071624495
1.99998850243
1.8967080048
1.88723004018
1.87675058294
1.90699245123
1.80803053774
1.86337210614
2.01545129745
1.77259956151
1.96162153419
1.94493559102
1.79860787743
1.96481262638
2.00996102481
1.69794673044
1.88015570863
1.95468231395
1.97703294451
1.88886642231
1.91989534532
2.0771720044
1.9350437027
1.18027962849
1.72341208048
1.82667132604
1.96160591018
1.82668523041
1.85526806369
1.80399589677
1.98155382813
2.0438744953
1.79764278861
1.89678272643
2.04973576984
1.86107151262
1.74408979832
1.81038667404
1.80734608394
1.94258962696
1.9774774358
1.89194962012
1.77055757335
1.88076994541
1.82784145683
1.95026147389
1.88764659526
1.89135861991
1.9160518941
1.71947764337
1.81573215569
1.79805940879
1.86932718532
1.28487203969
1.93704515879
1.891888623
1.79548388068
1.73272903972
1.931169045
1.77097514597
1.84056823049
1.86991165744
1.93447708374
2.02567890222
2.1248594103
1.89163772
1.84190709896
1.75151997078
1.75024404143
1.97759419083
1.67179162685
1.72516741975
1.8609523983
1.97087642794
1.81524706847
1.69034355467
1.95020531863
1.75979202281
1.87498888155
1.86536328645
2.03954472848
1.88783075037
1.72753294517
1.18958338931
1.81109180299
1.93200289471
1.87835869211
1.71022243793
1.86854696676
1.82617814543
1.95598833291
1.82792714559
1.81984422135
1.89898234435
1.86802883485
1.8699138247
1.8344679884
1.85285262143
1.96633781013
1.88654655193
1.73425807408
1.81809730599
1.94321512991
1.89162976774
2.12436673116
1.78896186293
1.77700050611
1.87667592168
1.7675780342
1.95235796871
1.88070728844
1.84645768557
1.85065153959
1.19510805773
2.01371355266
1.73550694809
1.76958547992
1.86342414749
1.87577056935
1.79516854813
1.67477825452
1.7389098671
1.93289677374
1.67565156153
1.80895061848
1.76391077147
1.95215997065
1.76208642332
1.97117350202
1.83657546854
1.68978047405
1.67120874438
1.81544128738
1.7061090966
1.76578492518
1.84239480217
1.76881167313
1.84424318715
1.88408832634
1.72437677941
1.93142198764
1.72301111996
1.76045328505
1.28444186596
1.92223913705
1.84117398506
1.90508950161
1.79236041883
1.74622590492
1.88479781346
1.9126258239
1.73144106941
1.74010120495
1.7867604689
1.86295274172
1.91883234637
1.76309288585
1.87413961048
2.01431563294
1.96565081276
1.846325167
1.92057407716
1.83829565114
1.84887153688
1.78021362735
1.89217359877
1.81540593119
1.89597396315
1.72549858716
1.87549503615
1.85166967604
1.80120433466
1.89662898931
1.3317893519
1.86783223835
1.89585855254
1.91911474018
1.7759188881
1.84110494542
1.79637969391
1.86493444479
1.75620375536
2.00666472872
1.88920858961
1.86471428071
1.73872645764
1.78368671189
1.82338660138
1.99904902962
1.86307212112
1.93345368595
1.78219417663
1.83024701534
1.81355435444
1.83086439079
1.74733360438
1.90759172923
1.77968054141
1.90361072629
1.65027554806
2.03878966528
1.76690529582
1.78734370103
1.223072471
1.76210923455
1.78568447791
1.93221644653
1.52606965303
1.7773009695
1.80018235781
1.79385601264
1.88148997043
1.87913751891
1.89115813628
1.97998340995
1.84935971285
1.79966060768
1.92672236481
1.83659210902
1.86790943502
1.78934945329
1.85905706425
1.83892765628
1.72585152101
1.92145707705
1.83179007266
1.9540529903
1.84425868314
1.69670391246
1.7925759225
1.75717880916
1.80279461168
1.82650682192
1.22930321566
1.92705728072
1.90035901311
1.83540675233
1.99287917233
1.87309122623
1.93071629541
1.90556612202
1.82096922502
1.93716119742
1.7651009755
1.97000258358
2.02885142315
1.92929680322
1.9391732915
1.9235117516
1.91450291807
1.95088738699
1.73357519554
1.90474158546
1.93418870294
1.95840887505
1.87586724968
1.86771511764
1.86425156419
1.99243003143
1.67741659872
1.82331009122
1.90575758376
1.86306469549
1.17685870928
1.88892686021
2.02435393017
1.7201929311
1.81796711343
1.93303265815
1.77790063809
2.01717894737
2.01191854601
1.8154410075
1.83198595433
2.00673631132
1.80072922581
1.92446432955
1.79426541055
1.8614864573
1.94120912564
1.91643667077
1.78382662838
1.78738081554
1.75523056962
1.94457889918
1.90186500716
1.90374802315
1.95702981442
1.81836703818
1.97179447361
1.7672884054
1.82517200769
1.82814252808
1.25696791997
1.930859557
1.68536667531
1.77535628783
1.82999194215
1.85939359143
1.76190199808
1.84880746751
1.78776250957
1.81531195415
1.73349353344
1.9001590242
1.8164744147
1.72173536081
1.80930523993
1.66770785729
1.85652865011
1.88424380182
1.96967125779
1.80981284019
1.81541511903
1.91745465628
1.92294723728
1.91881571705
1.9532720228
1.78166881887
1.89113039036
1.78968115656
1.89322106848
2.0538894587
1.28517583991
1.85015580969
1.69785669945
1.78835970753
1.92640451504
1.94341090333
1.88889272136
1.81723135516
1.79147497427
1.77997819881
1.89181221357
1.95955196813
1.71212651726
2.01474101177
1.74848757876
1.94496632878
1.73635585047
1.76833640938
1.54216705482
1.82391590445
1.69323026751
1.87250959158
1.8466587038
1.9754503523
1.95187149355
1.84213486548
1.89383356323
1.97123451826
2.09230498509
1.97909025699
1.21611934148
2.02859643801
1.90905231777
1.98325919472
1.78988346193
1.96039648186
1.77187755092
1.84931087426
1.82058847443
1.71721053848
1.69339986953
1.78700012402
1.79395394026
1.7708837471
1.79124637336
1.76307957089
1.85872607896
1.94150941561
1.72257937023
1.92987688418
1.74380709286
1.9068368066
1.86750896832
1.92069841747
1.92456659746
1.81579393212
1.86212202438
1.67796965194
1.83443165888
1.83820875425
1.36985077275
1.9473785805
1.81399359637
1.93354281795
1.91386121503
1.88188289407
1.87679895265
1.86605728235
1.94621507013
1.78074396934
1.94251254276
1.92245657628
1.8520277738
1.75927917435
1.87351477995
1.89805559986
2.01394842434
1.92566890948
1.82014710888
1.90656583354
1.9190382563
1.78644188311
1.88079191773
1.84966515584
1.76667763218
1.882311342
1.69519901423
1.80901870792
1.74418801894
1.67178608041
1.16205783619
1.81238433248
1.78154535324
1.86823478872
1.64226616403
1.87322232941
1.75878205454
1.67477066529
1.71477017537
1.74661473296
1.65704795412
1.63382438844
1.93446475743
1.92152346349
1.91360009454
1.84173633174
2.02380566172
1.93469113436
1.87513394159
1.86027083006
1.97570951354
1.97138138206
1.87695067857
1.93960522583
1.84293099124
1.89176060214
1.82409668577
1.91567427945
1.85521311253
1.77983575367
1.12654407725
1.87134867507
1.82933544911
1.79814935344
1.76635969679
2.07608023474
1.92259904601
1.91134507375
1.88912382693
1.94508849614
1.80354494218
1.89015658449
1.90678738982
1.99851904475
1.77414699298
1.80101892623
1.82872371639
1.84440527306
1.82591681663
1.82571491051
1.81661986559
1.79746138258
1.93727772956
1.91613991413
1.80439748654
1.89995223671
1.87198465345
1.9309382606
1.83484092404
1.82611498168
1.00484894405
1.76350079595
1.86447949345
1.59905980004
1.63131492134
1.86478565936
1.83863782332
1.80250579894
1.92128432611
1.7869438442
1.8849144664
1.77684253246
1.74819776423
1.6405008388
1.80680999862
1.78117732122
1.9762456612
1.90811018119
2.03644589146
1.90940225502
1.92707262977
1.8065353903
1.8672470402
1.90386526268
1.99100991517
1.97285723959
1.83778990972
1.99085888834
1.89433476428
1.93409610908
1.12728954802
1.97755067191
1.76364969953
1.8195285137
1.71161101803
1.64975401417
1.87178634313
1.97501473549
2.02958564209
1.95966160331
1.98285211277
1.84948971417
1.80267802018
1.96115722584
1.90881081733
1.78276172287
1.7771908436
1.92269978287
1.75655624039
1.81120514275
1.64277689786
1.94107717407
1.76696046735
1.88085670031
1.93599126372
1.88342872811
1.92929800281
1.88920284961
1.83481841226
1.80595930197
1.29931904205
1.72987203872
1.90073825875
1.88488964763
1.73245716487
1.70495655287
1.85803549136
1.55355764593
1.68013584399
1.67621986728
1.64671880169
1.71503321162
1.7544292682
1.66906964054
1.68533142521
1.76980368771
1.60142140405
1.75478699845
1.75500815078
1.89754405997
1.97494269226
1.68514527151
1.82789258521
1.80515946547
1.98934857775
1.95563229064
1.80574288188
1.7294934612
1.80226480955
1.9931303331
1.0721431245
1.86537787887
1.89771977101
1.82693180607
1.83537693287
1.89769948966
1.87155815885
1.92868841402
1.63416845669
1.89056322694
2.04362617362
1.84936189499
1.8277055951
1.77685869647
1.86119058671
2.00675612965
1.86957163424
1.84690300331
1.86374897887
1.74387760008
1.90948625196
1.84488048861
1.88445589799
2.00792918858
1.78389685325
1.83199079645
1.91593168685
1.70566115318
1.87790013479
1.79896451545
1.04227115691
1.90354082878
1.82387281163
1.73120230935
1.8794970484
1.80435522011
1.68207642929
1.76125471027
1.90491874082
1.71202545789
1.88136186327
1.93660678059
1.84898731713
1.76982915837
1.89972361861
1.88828512224
1.71116116854
1.62570909339
1.71539160199
1.88494035977
1.9703234256
1.82295005826
1.74631514613
1.82119174082
2.23900302997
2.17094827113
2.26977687831
2.18540452975
2.18876193641
2.28876671015
0.339563518363
2.24605762719
2.23261535503
2.32653719351
2.14490983947
2.18619292397
2.13414088232
2.44175484983
2.22069571703
2.08033512977
1.74500370743
1.81580664436
1.85140112425
1.79160103179
1.74084955396
1.93111751965
1.87597890069
1.86118050325
1.91980492736
1.85077116098
1.85379257567
1.83482542756
1.69092544832
1.85744966934
1.75509169527
1.66608191559
1.93666362053
1.70778466902
1.76845254645
1.76084477296
1.23815473811
1.68705231489
1.77963085619
1.72110995645
1.7592321237
1.71946687346
1.63347474813
1.9051307433
1.79289892602
1.61488730548
1.72363441232
1.75551229093
1.87674993234
1.91389320939
1.82203605988
1.65698034987
1.75180147431
1.80446988415
1.86815528251
1.93802140727
2.0597347163
1.88464707797
1.85735832705
1.82442981325
1.814382301
1.82566371327
1.74917260012
1.82478914168
1.69191595805
1.82280736317
1.38057553752
2.01319082233
1.82266841568
1.87927214451
1.79584549358
1.92742742202
2.05824337134
1.83102918245
1.93736165072
1.87916245529
1.87017614794
1.81452608725
1.67071024422
1.60083673798
1.84546099014
1.67985532231
1.77686873058
1.8085360811
1.64302557971
1.93578202368
1.56469127768
1.8642297744
1.87663487296
1.85530630594
1.81740572552
1.79126753905
1.78186400657
1.62115086834
1.79224877435
1.62486155646
1.12672368297
1.875762517
1.85122278762
1.90840075412
1.93528699731
2.00182945773
1.87992886727
1.7750107881
1.93718951208
1.82797778303
1.77777104971
1.92390033738
1.78387111285
1.75241326373
1.84220823226
1.91211453142
1.68890793326
2.05232390476
1.91748895635
2.03342298975
1.93593244901
1.94135241622
1.97542956309
1.95568786168
1.80245730039
1.99113082251
1.90046915572
2.05000786395
1.94781898152
1.86737303955
1.23508792033
1.77300282043
1.87243026001
1.86116103296
1.9272859346
1.71169404872
1.80375388115
1.73297452639
2.05793006631
1.78934184365
1.88374292909
1.95181043307
1.83391825615
1.83120796813
1.77717050775
1.76158626232
1.9562970403
1.76728886733
1.83025490982
1.89610162568
1.79828198619
1.9328201134
1.99893986285
1.83960561556
2.04759821817
1.90298998626
1.82252819451
1.88768870517
1.85909669396
1.71063136905
1.18507619265
1.848457252
1.87678492912
1.76336210317
1.95493086994
1.87825988153
1.86787823407
1.84469040024
1.87007723066
1.86632569501
1.92670739209
1.93193507301
2.03553447902
1.95609553068
1.91674111246
1.93134751082
1.70793550238
1.84106647272
1.8178857373
1.70738620599
1.90376680184
1.71457460505
1.71251338326
1.87867232253
1.86185880747
1.81213519624
1.92371841231
1.83153207431
1.76454648053
1.93785546549
1.16457624637
1.96252837586
1.70603879677
2.02058900163
1.75071845844
1.91486367302
2.33879983211
2.37471063502
2.24790523841
1.78054302767
2.5540279373
2.37234380398
2.32869371929
2.51657788768
2.53165505577
2.22031132202
1.86786953438
1.93722740523
1.91121057044
2.3528024093
1.8234296177
1.98956197876
1.72902913192
1.6900439462
1.80930321621
1.79217772556
1.81460460318
1.6588646418
1.79058826747
1.80209427779
10
