1.12759188974
1.22188246645
1.14232740356
1.1568612806
1.8309292612
1.90239581728
1.96429627793
1.79466074346
1.87656457908
1.92533619188
1.86767596084
1.83467597326
1.90667696353
1.92522458629
1.82110411904
1.92756996289
1.9564908216
1.97718998663
1.84779170743
1.81372310189
1.87486058269
1.97790130537
1.87432787098
1.81628749686
1.83064266631
2.01670388034
1.96117628793
1.83161716621
1.81922754755
2.04658649625
1.2194319086
1.1427025616
1.13925988775
1.25751847357
1.73786396184
1.7841052539
2.00659140898
1.93799746255
1.76384480093
1.84503106318
1.89006386871
1.85614495008
1.8937051538
1.78935296634
2.01126234374
1.89900535147
1.89461100035
1.85031549319
1.76087474358
1.84465579759
1.7970201913
1.94753009208
1.85337658577
1.63723283512
1.88372727548
1.69494092019
1.78825364618
1.68086329078
1.83001628019
1.74384619278
1.12259179505
1.10488502637
1.17280749444
1.09360511489
1.87826973301
1.93241625105
1.90186175161
1.93417870153
1.87443086182
1.92364229833
1.86643971343
1.86643648701
1.855724004
1.87916402344
1.9420572853
1.78116870957
1.93190787912
1.98874081297
1.89916074834
1.79031176687
1.76578040921
2.10118866178
1.90469315673
1.94645827509
1.84666588267
1.95002579918
1.85593836483
1.78033094917
1.91439104054
1.8802940652
1.1998430476
1.30263126991
1.24494055735
1.30413317845
1.85785027925
1.85753014882
1.93343950551
1.89207079744
1.81519018658
1.81900176498
1.85641522398
1.96295256871
1.81689304461
1.82740242908
1.85077240628
1.8544291242
1.82412984448
1.93849168874
1.93777404163
1.92543840113
1.82216375723
1.85253172912
1.82073606656
1.85909582406
1.66347500735
1.85865573361
1.84388269254
1.85231370045
1.96736717568
1.89887989806
1.12245807242
1.2086132706
0.991968842336
1.03355675513
1.69134229689
1.71077128946
1.81934703023
1.7081056348
1.90017166631
1.90788480742
1.80592255885
1.78645119756
1.91218969986
1.71716994025
1.87875940599
1.84427354819
1.79714682594
1.88455450941
1.93377014394
1.82813493505
1.70734336828
1.88721837855
1.54826384535
1.9668902842
1.7423756384
1.77540932831
1.61384697741
1.7648486102
1.81405073962
1.82956023475
0.882524179932
1.27624790022
1.07117651622
1.13880154713
1.76347288631
1.82313210489
1.81730329941
1.80973095329
1.81152957751
1.8063196717
1.528328927
1.8685363097
1.77421245515
1.92647040432
1.91064829592
1.85898199524
1.91563941454
1.80895862823
1.85315653254
1.82293136854
1.73591142777
1.82611319135
1.84492280148
1.79558631416
1.69773285519
1.73729573607
1.80161331185
1.92492654474
1.84930646971
1.93870128978
1.04587142711
1.11961845999
1.10892689257
1.04791279061
1.83565111175
1.93945761849
1.69846782708
1.76562136822
1.76850165987
1.84929817083
1.80042418894
1.82430438037
1.77509094426
1.74728162116
1.76140066624
1.70584984035
2.02759108218
1.88166513073
1.67258434644
1.81629880988
1.81421242289
1.89119840692
1.78317172747
1.90019340814
1.77592928825
1.81798331697
1.75096776221
1.71010679142
1.86369849222
1.78241484841
1.09918434167
1.18852650733
1.19135589424
1.28480337267
1.84125696341
1.80955778643
1.81033549012
1.8986957544
1.81386658632
1.96766270327
1.9242668314
1.9720413515
1.86644015498
1.85502748899
1.84816864936
1.64143286285
1.74316633555
1.75198112687
1.66766430155
1.71805977943
1.66118455075
1.88000139097
1.66000592581
1.54403256074
1.79794373916
1.70271698056
1.78598714521
1.67061586608
1.81012633224
1.72706988173
1.13537945844
1.10179574635
1.21174918892
1.21316872855
1.74078468269
2.05421497799
1.86272269658
1.71255558184
2.00081974054
1.89598094933
1.88378359788
1.87658797482
1.90845572267
1.80652929269
1.86132566915
2.01547016803
1.77695457896
1.96272676896
1.94287045669
1.79805386683
1.96285002461
2.01591553787
1.6941444176
1.88151300881
1.96146651764
1.98078964021
1.88290210113
1.92196656358
2.08703240397
1.92678655635
1.12762076579
0.967322034582
1.15361677438
1.29253181639
1.82774544667
1.85477981787
1.80391810573
1.98116179276
2.04656352738
1.79769389026
1.8970172774
2.04798876213
1.86419455803
1.74473898872
1.81022076684
1.80658439979
1.94121059411
1.97926422296
1.8922313354
1.77165056649
1.88338506534
1.82855947131
1.95099729016
1.88597823796
1.89369262581
1.91492268414
1.72019163204
1.81497572722
1.79932661418
1.87123150254
1.23094418707
1.25908936188
1.22806804556
1.14096733747
1.73373286558
1.93243082224
1.77233760413
1.83998335829
1.8709959006
1.93428212078
2.02610559525
2.12795720894
1.89140930538
1.84258985598
1.75192064285
1.75120345599
1.97638897277
1.67065566529
1.724230065
1.86255720548
1.97266345865
1.81736298382
1.69308566664
1.94976120369
1.75748886816
1.87709057172
1.86573694169
2.03811681961
1.88874954067
1.72830643208
1.1379929916
1.12533358153
1.20941030315
1.21385208455
1.71125325522
1.86702796479
1.82472797033
1.95817151625
1.82875056602
1.81760244145
1.89804422563
1.86729205726
1.86858375828
1.83530750808
1.85128056528
1.96884911715
1.88667273511
1.73336634315
1.81914785621
1.9422883749
1.89070443818
2.12507346368
1.78900358215
1.77607745198
1.87821625524
1.77048944146
1.95139972968
1.87997346177
1.84441633702
1.85023992293
1.14686200743
1.34254920167
1.11349527249
1.10220492643
1.86175229525
1.87759720856
1.79473919218
1.67690323813
1.73857840954
1.93146863697
1.67400619879
1.81036007838
1.76578043279
1.95487590769
1.76278783122
1.97273680584
1.83365347474
1.68844304794
1.67488317755
1.81239147607
1.70493579379
1.76708947988
1.84516590907
1.76880609853
1.84449993463
1.88425941187
1.72132704352
1.93016431616
1.72436834151
1.76206889018
1.23141992592
1.26891501507
1.18489005914
1.22376973926
1.79589534543
1.74068823384
1.88839904136
1.91409259383
1.73280493058
1.73955942049
1.78472849023
1.86237680346
1.91921711678
1.76385624711
1.87604895082
2.01709165719
1.96999361105
1.84641699583
1.92054194103
1.83717303236
1.84964249974
1.78311254039
1.88916746648
1.81748483143
1.89626836351
1.72487226856
1.8756392218
1.85143873453
1.80328848218
1.89728220333
1.28007711658
1.19861951709
1.2707413534
1.28207676927
1.77438504112
1.84056916882
1.79187066815
1.86382106722
1.75211535202
2.00539706192
1.88576638926
1.86553166944
1.73629287763
1.78562930322
1.8233120317
1.99717048652
1.86159281451
1.93292825241
1.78191151828
1.83132134317
1.81415809299
1.82838751722
1.75036809292
1.90534062155
1.77849072929
1.90641545228
1.65204626197
2.03959190143
1.76669729502
1.78502009029
1.89095176726
1.14059057654
1.13112356924
1.29532509559
0.0
1.77414387781
1.79883589641
1.79379962589
1.88192668839
1.87931445491
1.89156003362
1.97842934027
1.84861179337
1.80136910615
1.92637982931
1.83512190712
1.86546171527
1.79516641481
1.85775365071
1.83974161548
1.72448860549
1.92198717601
1.82950299994
1.95367494511
1.84443810789
1.69833392544
1.79250082228
1.75466828311
1.80314685357
1.82562395149
1.90602351002
1.23968292688
1.22340153044
1.19141952057
1.99572228201
1.8765997129
1.93133137368
1.91017483662
1.82018657629
1.94251960484
1.76479346711
1.97373550915
2.03220957659
1.93228418786
1.94490158874
1.92420654649
1.91653325375
1.95262359411
1.73448967458
1.90856055698
1.93762230146
1.96193853729
1.87664796445
1.86820771549
1.86386646493
1.99637004607
1.67800147373
1.82534215467
1.90769654322
1.86712114741
1.81177030426
1.24730376243
1.36774212905
1.0787937956
1.82206156413
1.9346624221
1.77845670277
2.01865469472
2.01313132664
1.81471516235
1.83209316024
2.00812110184
1.80144777179
1.92538862897
1.7960550732
1.86044060273
1.94233869869
1.91641301021
1.78892075495
1.78734950324
1.76002020557
1.94794179828
1.90214425268
1.90246381559
1.95792403666
1.81726851068
1.97118716784
1.76614424813
1.82668602253
1.82924976289
1.92350901087
1.27580554862
1.00589818521
1.10319474537
0.0
1.86097454337
1.76090356878
1.84744724531
1.79166805784
1.81782737316
1.73439401972
1.90544178745
1.81681723798
1.72262021887
1.81100211247
1.67018498754
1.8577125251
1.88682853337
1.97006735711
1.8107268503
1.81635766143
1.92024211094
1.92549119366
1.91926580066
1.95770013337
1.78287141861
1.89483390715
1.79117976506
1.89505703801
2.05600617733
1.23188644749
1.23446666509
1.04814275043
1.13430174337
1.92723050918
1.94098386363
1.89132227144
1.81838621167
1.7957678534
1.78053210212
1.89240943996
1.95881951785
1.71649340867
2.01721368456
1.74958969967
1.94464572431
1.73903139624
1.76974606893
1.54296334924
1.82249794857
1.69648557454
1.87406708918
1.84595546467
1.97728135831
1.95256356871
1.84559022379
1.89511037667
1.96936114521
2.09270340391
1.97925375028
1.16617844136
1.38965059731
1.26920154412
1.33908040366
1.78815665726
1.96224915602
1.77389701204
1.84996294836
1.8203079193
1.72066477874
1.69832683002
1.78655376424
1.79326964639
1.77539812481
1.79274497699
1.76471442193
1.85811373875
1.94360051926
1.72304894693
1.92759239008
1.74458695875
1.90845833
1.86659272751
1.92030822858
1.92650494663
1.81753638625
1.8659218862
1.67623876976
1.83826838665
1.84156230219
1.31480430589
1.31837104133
1.16252999745
1.29203993027
1.91367653332
1.88276769719
1.87832367077
1.86570415789
1.94535240921
1.78079966608
1.94076596343
1.92484072439
1.85123965314
1.7620803479
1.87453557049
1.89706420088
2.01438046904
1.92841007642
1.82051581575
1.90909198107
1.92000618209
1.78669484724
1.88314242599
1.85043646981
1.76547805955
1.88110478341
1.69627498112
1.80783800573
1.74716084057
1.67162610847
1.10861341608
1.12587583985
1.11769708337
1.19145914359
1.64318165096
1.87323172536
1.75905753899
1.67558595551
1.71661796583
1.74616392273
1.65696945323
1.63460755867
1.93555441885
1.92412813786
1.91616110129
1.84289324933
2.02625064388
1.93884342573
1.87735419577
1.85850161725
1.98138432286
1.9741628346
1.8778015627
1.94344629156
1.84679841284
1.8923355133
1.82423413575
1.91485988659
1.85774575249
1.78059650009
1.07508744206
1.21525552326
1.1685340642
1.1250442433
1.76512742748
2.0779015693
1.92411132157
1.91068578532
1.89141416292
1.94664543695
1.80482625392
1.89324451699
1.90713846496
2.00129350648
1.77324554921
1.79991964681
1.83078919516
1.84383775806
1.82586379786
1.82657157797
1.81856807676
1.79730807982
1.94027088723
1.91531396163
1.80703805411
1.90469746258
1.87368440156
1.92984853774
1.8332409916
1.82722362875
0.948001770456
1.05891501749
1.19590675976
0.934549561835
1.63104728787
1.86627954881
1.83650132615
1.80479744241
1.92158789525
1.78650387043
1.88459925385
1.77783839573
1.7510134723
1.64022489829
1.80682983673
1.77905802485
1.97606169971
1.91008804477
2.03551029419
1.90535906696
1.92645169684
1.80949732053
1.87018583984
1.90322891609
1.98982753775
1.97460286818
1.83939749462
1.99035387105
1.89664594007
1.93163843608
1.07224024396
1.31605793612
1.09523762625
1.16041857734
1.71231793753
1.64987898708
1.87072887449
1.97719239954
2.03089674143
1.95876251946
1.98399678021
1.85043008119
1.80257181131
1.96054312042
1.90634788266
1.78213572894
1.77348863662
1.92167336488
1.75802284664
1.80736217208
1.64567730547
1.94312184392
1.7686623434
1.87961495947
1.93717952685
1.88258501268
1.92679043434
1.88866244213
1.83393924683
1.80832647316
1.24410445112
1.05469551257
1.2032849496
1.19477379856
1.73549127211
1.70560992248
1.85845505682
1.55464936961
1.68170861012
1.67479359028
1.64914895543
1.7186481621
1.75636090572
1.67143910278
1.68583601712
1.76794831013
1.5990087115
1.7530141524
1.75496257837
1.89484771976
1.97750937381
1.68596846942
1.82851582454
1.80747430006
1.98830369158
1.95404868113
1.80409776703
1.73040623002
1.80018408643
1.98981063363
1.02063440473
1.17762144971
1.24508743358
1.14820133616
1.83538954354
1.89700474247
1.87052794555
1.92884998951
1.63666365515
1.88928488666
2.04503033377
1.84838872361
1.82470077271
1.77668125037
1.86610640283
2.00801674063
1.86871050039
1.8446226636
1.86713784099
1.74431905728
1.90869318253
1.84642651107
1.88523802156
2.00454383051
1.7876149255
1.83150963933
1.91581141166
1.7029427574
1.87714399853
1.80097536729
0.98883151036
1.27874640688
1.20804115308
1.10645157724
1.87877318108
1.80437683458
1.68463422225
1.7607981126
1.90648340407
1.71402370817
1.87694977401
1.93763102579
1.84878382322
1.76933114906
1.89964695679
1.8852516671
1.70964992093
1.62743229722
1.7158797273
1.88588553939
1.96881024659
1.82296928721
1.74682438723
1.81941150558
2.23898929464
2.17153595215
2.27051215712
2.18679683467
2.1901418772
2.28850462569
0.145873947563
0.216439853691
0.153296133181
0.249141350705
2.14629126608
2.18321930641
2.13538116256
2.44184948459
2.22091151523
2.07840457171
1.7422318817
1.81657340666
1.85296773231
1.79456902709
1.7419412079
1.93069743351
1.87739992538
1.86090053272
1.91908956634
1.84887405888
1.85412956043
1.83480055491
1.69132189031
1.85569251394
1.75534299538
1.66829076233
1.94014740125
1.70879217921
1.76892780023
1.76034230848
1.18796467958
1.01305133399
1.08709754431
1.07563050718
1.75542564643
1.71754757643
1.63603715861
1.90522072638
1.79281974323
1.61950285807
1.72565188357
1.75644616353
1.8755471402
1.91593946943
1.82128356771
1.6568844041
1.7531166475
1.80374048383
1.86939976728
1.93768398856
2.05634625008
1.88483762747
1.85660652435
1.82336879175
1.81509118812
1.82563493068
1.75127935912
1.82610211249
1.69367441119
1.82383438627
1.32715500855
1.33997671598
1.14527686465
1.22890561963
1.79516496244
1.92715907639
2.05818134287
1.82861730977
1.93913592813
1.87923840352
1.87144579312
1.81634346557
1.67032718658
1.59904591455
1.84588777709
1.67881593065
1.77741622965
1.80979863588
1.64443341023
1.93770786449
1.56464596721
1.86292949033
1.8732676813
1.85375633442
1.81660764918
1.79230868554
1.77949559659
1.62084398463
1.7907399544
1.6240166641
1.0719742533
1.18445487778
1.18754188713
1.22076023379
1.93818444995
2.00360039014
1.88348100494
1.77736772714
1.94039664333
1.83108026436
1.77843005442
1.92789148782
1.78558824986
1.75440596646
1.84549886287
1.91171418279
1.69299230044
2.05549134513
1.92178316896
2.03497885955
1.93893941579
1.9438851918
1.97781962994
1.95821631012
1.80341521038
1.99252144781
1.90208263859
2.0531052139
1.94670189243
1.87053865069
1.18332666521
1.1109540665
1.23601190513
1.14678698101
1.92790083173
1.7170810003
1.80738503211
1.73293984336
2.06207395431
1.79000631015
1.88578124054
1.95188807963
1.83457376296
1.83435536516
1.77673048154
1.76413631849
1.95851666194
1.77094509491
1.83480308762
1.89829319326
1.80036700868
1.93629967349
2.00208883252
1.84196131802
2.05071162734
1.90531842643
1.82363646367
1.89148969373
1.86222955222
1.71202181646
1.12937902869
1.18886830806
1.19657138118
1.09932128062
1.95670330721
1.88027216118
1.86883338088
1.84766930088
1.87227812212
1.86963719865
1.92630949384
1.93564474814
2.0346404407
1.95723214542
1.91965117524
1.9329008701
1.71197692795
1.84361586673
1.81852991103
1.70963691587
1.90989116386
1.71737425989
1.71601108838
1.8800076837
1.86585384239
1.81682319406
1.92655713635
1.83458805359
1.76891495287
1.9427787196
1.11101699442
1.32270042313
1.02959173228
1.32357261418
1.75185071214
1.91320944931
2.34268906458
2.37802012675
2.25304004928
1.781692509
2.55832776313
2.37780996581
2.33288225483
2.52233274452
2.53681311305
2.22252281856
1.87258085219
1.94046189712
1.9126325949
2.35435818257
1.82534926885
1.99124408611
1.7303608503
1.69066675465
1.81186968955
1.79503807197
1.8161508281
1.66252620898
1.79235395743
1.80506828719
10
