1.86312169651
1.88364374821
1.81021336182
1.85293194876
1.82973243464
1.90142161033
1.9620704105
1.79309544088
1.87419259087
1.92163178367
1.86467182246
1.83239691914
1.90752328641
1.92442654021
1.82536841916
1.92885341329
1.95294090125
1.97977706617
1.84634775151
1.80857726927
1.87145801615
1.97550030143
1.87333333224
1.81310115653
1.83041918377
2.02100364125
1.96195973663
1.83039079261
1.81745194475
2.04278877381
1.92012431885
1.7648576309
1.82655392097
1.90836127031
1.7370402967
1.78372627846
2.00292994149
1.93871081662
1.76196435865
1.84532930521
1.88869462049
1.85421031912
1.89289920087
1.78822038476
2.01131397902
1.89733870649
1.89579586433
1.85016505374
1.75918157625
1.84490264923
1.79177915333
1.94383216229
1.85038991866
1.63385710092
1.88314592581
1.69281224337
1.78603463936
1.67620335469
1.82694422947
1.7400115058
1.81187137904
1.76351888422
1.80467232208
1.76118620588
1.87882005875
1.93060070773
1.90130507782
1.93281872231
1.86950197973
1.92222389945
1.86303168643
1.8625492289
1.85412074559
1.87624007683
1.94242437841
1.77764961258
1.9305283068
1.98869365121
1.89887535544
1.78738169767
1.76572134092
2.10079895354
1.9001188098
1.94504943861
1.84538302036
1.94651026001
1.85299879678
1.78034308467
1.91264567692
1.87713243478
1.91846173677
1.94917484169
1.89598319598
1.97513747869
1.85725401173
1.85425894851
1.93173378582
1.89117065316
1.81219433951
1.81593190691
1.85213138304
1.96016525503
1.81131591953
1.82207073361
1.84913103459
1.85488942022
1.82488699969
1.93258600319
1.93916392836
1.91967997208
1.82085652351
1.84830215946
1.817611761
1.86113196098
1.65747272619
1.86064947367
1.84260022553
1.85321704747
1.96806739456
1.8963063336
1.83060324833
1.86611412967
1.63797594807
1.66425330864
1.68952350916
1.70998263835
1.81985561509
1.70431450464
1.89588205319
1.90261553829
1.80561937376
1.78452535407
1.90875298075
1.71716144558
1.87541526602
1.84189339145
1.7925566044
1.88083341899
1.93291248471
1.82710320661
1.70028581549
1.88710581005
1.54581908971
1.96444529758
1.73968921457
1.77411260495
1.61286620485
1.76338401624
1.81374233404
1.82337948317
1.60148960212
1.92426842945
1.75366584135
1.78778218015
1.76194900715
1.81838709941
1.81595199814
1.80771161432
1.81011992588
1.80371105161
1.52690682649
1.86442678435
1.77051563326
1.92406629958
1.9073316562
1.85450649266
1.91067584654
1.80846494724
1.84902640435
1.82315293813
1.73579095939
1.82069677016
1.84136498435
1.79515581424
1.6960716061
1.73214109354
1.7984644791
1.9230953747
1.8453300688
1.93266823264
1.79445151035
1.78095075613
1.8184958155
1.69514615703
1.82857298472
1.93741072567
1.69598188903
1.76437131714
1.76405427414
1.84645388112
1.79959848119
1.8200815881
1.77339603363
1.74495097306
1.76058454281
1.70247414448
2.02245947755
1.88202549271
1.67172873653
1.81538849932
1.81327878703
1.88873972089
1.78614141046
1.89398380463
1.77164658168
1.81536642442
1.74752265494
1.71043512266
1.86310167848
1.78276158699
1.78859114038
1.88846074583
1.84953595586
1.97556427133
1.83877832964
1.80806555044
1.80911868726
1.89986104946
1.81533342273
1.96297053812
1.91993472373
1.96886407307
1.8673723728
1.85402086991
1.84789383968
1.6414932122
1.74331769747
1.74959863625
1.66513839263
1.69593323804
1.65823448453
1.87605123345
1.65747293231
1.54034879946
1.79140959729
1.70145441116
1.78341244946
1.66796452157
1.80179597818
1.72533144154
1.87264585453
1.76917621249
1.8905373964
1.90208457056
1.7405154968
2.05138118657
1.85726809021
1.71152929585
1.99999591804
1.89724415731
1.88503723531
1.87691440495
1.9093779922
1.80546931273
1.85809727455
2.01443739179
1.76836443617
1.96078880663
1.93749900113
1.79841585949
1.96358839406
2.01539900868
1.69511873681
1.88148554725
1.96028614776
1.98274614633
1.88565942154
1.92267102438
2.08661615538
1.92448923311
1.85742069993
1.71910727457
1.82736054256
1.96237535515
1.82366294736
1.85166876285
1.80244742921
1.97805559752
2.04323910713
1.79659520661
1.89419509079
2.04932634664
1.86074749045
1.74004132071
1.80770919022
1.80602333007
1.93809994288
1.97774937456
1.89088330739
1.77039865666
1.88214591786
1.82771660538
1.95380612311
1.88812251621
1.89285882219
1.91335630033
1.71968136171
1.81591867456
1.79870883424
1.86591946608
1.94658996495
1.93420688008
1.89408181495
1.79517388467
1.73762017418
1.93181213816
1.76687558645
1.84017683137
1.86666933645
1.93663816463
2.03053714906
2.12859050577
1.89113922881
1.8396100062
1.74751607316
1.74595360463
1.9780598579
1.67287150702
1.7210129888
1.85865688744
1.97150637981
1.81553046683
1.68866782671
1.94717298876
1.75770885235
1.87791825905
1.86189601821
2.03793214181
1.88424911445
1.72605219822
1.82829010833
1.80936952204
1.93016470564
1.87950552616
1.70952597917
1.86544442514
1.82643861995
1.95147223004
1.82746837057
1.8136362695
1.89528848306
1.86635801943
1.86784864466
1.8338253859
1.85331786397
1.96516941956
1.88755992906
1.73343565351
1.81675642609
1.93909483439
1.89257669363
2.12485519864
1.78540169649
1.77534321626
1.87590780939
1.76736861904
1.95640058164
1.87890618893
1.84297602503
1.85296073874
1.82489318914
2.0108771347
1.73417684831
1.76582511343
1.86351443242
1.87766185786
1.7959474458
1.67532858158
1.739640874
1.93291130053
1.66917493782
1.80906994558
1.76372587878
1.9531783132
1.76307465721
1.96926827393
1.83283409543
1.69177531282
1.6739630723
1.81136117864
1.70374138963
1.76527967853
1.84418193793
1.76761253826
1.84104289463
1.8833813626
1.72084732099
1.93118065236
1.72234456868
1.76002255958
1.93098441599
1.92194517566
1.84007814062
1.90580809738
1.79702270879
1.74290746944
1.88484665229
1.90796695097
1.73030565692
1.73870363432
1.78384985179
1.85922001921
1.91846448379
1.76189172373
1.87533082967
2.01270404762
1.96464885134
1.8455009961
1.91876790791
1.83662010577
1.84686323066
1.77851541507
1.88984151307
1.81385268524
1.89543128375
1.72442377026
1.87549225435
1.84977963402
1.79778799822
1.89486565783
2.00352942223
1.86736305983
1.89473224346
1.91705023338
1.77611342846
1.84008179353
1.79225549136
1.86328159207
1.7529072853
2.00429854035
1.88528442852
1.86614057912
1.73395654973
1.78089601658
1.81778448881
1.99388704764
1.8548577981
1.92976232164
1.7828372573
1.82927305975
1.8098709873
1.82738157642
1.74999307997
1.90500966087
1.77683752221
1.90457936303
1.64834673041
2.03623078633
1.76518252784
1.78396464462
1.87695551797
1.76269061661
1.78172147089
1.93030887955
1.52071898614
1.77546714062
1.79661666968
1.78967160448
1.88143811206
1.87366047204
1.89052174841
1.97934459532
1.84673491748
1.80029899852
1.92950837254
1.83265976404
1.86128217916
1.78509791218
1.85429533635
1.83694783348
1.72640676525
1.92108904136
1.82802586619
1.94880006169
1.8424685222
1.6988684893
1.78919235546
1.75385608744
1.80070730334
1.82451616091
1.8892233337
1.92326913556
1.90161039949
1.8386041843
1.99420798226
1.87088473209
1.9289562608
1.9055265646
1.81922683644
1.93847420398
1.76385622043
1.97199487114
2.02865277464
1.92986161119
1.94271195879
1.92427858376
1.91400856873
1.94963651975
1.73441574739
1.90750555284
1.93294538378
1.9562004837
1.87524471068
1.86729085249
1.86412927469
1.99378035228
1.67707093311
1.82156914258
1.90890343942
1.86240606297
1.84940242957
1.88809611696
2.02365927363
1.7233811699
1.81722782679
1.93490583647
1.7779095819
2.01721932702
2.01029204836
1.81460945435
1.83049820762
2.00785984803
1.79871984275
1.92458835815
1.79406177194
1.86205854651
1.93984553255
1.92020180026
1.78444329358
1.78917048171
1.75687314763
1.94556444644
1.90056231673
1.89991214323
1.95663822575
1.81605714067
1.96916088478
1.7663708006
1.82555480072
1.82875216538
1.89481552445
1.93219639295
1.68680439
1.77594991827
1.82686407828
1.85773067054
1.75982531893
1.84772080718
1.78675137245
1.81383457985
1.73655367816
1.89986290607
1.81631324505
1.7174768848
1.81259269831
1.66642696191
1.85538818769
1.88525635164
1.96886107705
1.81007822018
1.81744834163
1.91846055945
1.92392019823
1.91990881188
1.95749211586
1.78147464271
1.89318779592
1.79161509359
1.89392329603
2.05529205714
1.92063826564
1.85472680125
1.69793477193
1.78487229708
1.92862445241
1.94008795407
1.88844825667
1.81666135353
1.79422813442
1.78039617135
1.89230341766
1.96042090843
1.71371390175
1.99777433918
1.74725362249
1.94397228897
1.73684168454
1.76478747377
1.54105192682
1.82102787044
1.6954693357
1.87252058892
1.84781865187
1.97583711121
1.95114433685
1.84316344408
1.89401264106
1.97010085495
2.09270221432
1.97935325297
1.91029194071
2.02748987214
1.90907894374
1.98365525208
1.79075608861
1.96295580406
1.77134189857
1.84866248777
1.81873881018
1.71919896461
1.69649705708
1.78350197364
1.79451776577
1.77133490379
1.78992277143
1.76382799336
1.85724116697
1.93977985597
1.72200922759
1.9276508779
1.7410376222
1.9071539705
1.86293559724
1.92416794896
1.92501165485
1.81701454065
1.86333394113
1.6778203442
1.84060441051
1.83662997925
1.99506006211
1.94420654693
1.81714457345
1.93381748616
1.91341790613
1.88051591911
1.87931192887
1.8678617592
1.94619483815
1.78226746324
1.94010013963
1.92262881074
1.85074120889
1.75797861549
1.87133247232
1.8965755386
2.01204341403
1.92435386723
1.81953493267
1.9074121344
1.91745117425
1.78625942315
1.88031705761
1.85071462024
1.76601388665
1.88450596635
1.69713683207
1.80915611945
1.74541755215
1.66991115608
1.8192900275
1.80953937818
1.78335297135
1.86421333527
1.64381456666
1.87413049063
1.75734502366
1.67443671556
1.71534690738
1.74775885329
1.65618201023
1.634956003
1.93616614445
1.91976948227
1.91445510712
1.83952520838
2.02205332353
1.93651808677
1.87738420785
1.85823359685
1.97888518854
1.97434857534
1.87558992328
1.93887996874
1.84584736377
1.89016647606
1.82192408792
1.91504942252
1.85626106198
1.77647442441
1.81070797168
1.87366009497
1.82429855831
1.79865921711
1.7615258851
2.07633625087
1.92397867241
1.91207967922
1.88943629136
1.94458801252
1.80551652528
1.89026013129
1.9094286926
1.99728090956
1.77613145031
1.79996771629
1.82896773965
1.84524733557
1.82223417132
1.82556800016
1.81910977569
1.7995824455
1.93761294678
1.91538378012
1.80146219427
1.87839506949
1.87560274317
1.92985192883
1.83218502019
1.82692501152
1.69608894848
1.76345594167
1.86202171245
1.6002916017
1.62885888712
1.86719807803
1.83999297468
1.80433353658
1.92010227974
1.78642582047
1.88508309315
1.77760271741
1.74977228901
1.63887533762
1.80183689848
1.77765924469
1.97583926217
1.90863183697
2.03617773425
1.90935993885
1.92819440985
1.80745647555
1.86832736855
1.90272891093
1.98969840678
1.93884459072
1.83650089201
1.99016367818
1.89539511923
1.9283438947
1.8166831165
1.97908675639
1.76290898467
1.81699219366
1.70966961835
1.64489177263
1.866656794
1.97624482162
2.03030532219
1.95800746352
1.98120846545
1.84738376088
1.80250529423
1.96149905197
1.90428048147
1.78093414695
1.77413741121
1.92240688566
1.75679615037
1.80730505332
1.64364896181
1.94261820831
1.76544006208
1.87888824638
1.9349426084
1.879632444
1.9272207613
1.89025780031
1.83170473305
1.80557082845
1.94197050097
1.728940829
1.90446805481
1.8826854502
1.73159859482
1.70266148832
1.856550943
1.55017082297
1.67884879324
1.67477531909
1.64750634043
1.71538316417
1.75364174505
1.6687807239
1.68385996492
1.76735756391
1.60248169049
1.75372498092
1.75726276702
1.89255503418
1.97550997586
1.68366577764
1.8266760397
1.80293672927
1.98879536325
1.95422388161
1.80586403352
1.72420251367
1.79890277328
1.98958428989
1.69995228928
1.86404507166
1.8948969128
1.82497345728
1.83253749681
1.90000837531
1.86993465145
1.93105851514
1.6351921005
1.88840120756
2.04600525595
1.84540637214
1.82405431441
1.77506259431
1.86426856285
2.00421847663
1.86738353062
1.84678966089
1.8638056301
1.74116158572
1.90624713293
1.84330338595
1.88333661281
2.00458916209
1.78207447878
1.82981039937
1.91376302701
1.70128703646
1.8768685885
1.80206933741
1.71802509566
1.89898563946
1.82546913399
1.73002939085
1.87499751122
1.80706674224
1.68406555208
1.76147024565
1.90856095515
1.70952939476
1.87791341921
1.93594384508
1.84517016551
1.76736388063
1.89547460833
1.88659695618
1.71094645624
1.62665305574
1.7119148378
1.88565033609
1.96911714928
1.82541295046
1.74669023228
1.81906757823
2.2347425705
2.16958306503
2.26678450789
2.18097602448
2.18422115145
2.28165252936
2.41509391441
2.24063548488
2.2312646233
2.31861452389
2.13812425318
2.17975425155
2.13608256499
2.44248572776
2.21785314938
2.07656692483
1.737135869
1.81440738956
1.84851831891
1.790160276
1.73772143763
1.92801572789
1.87751486902
1.85996308368
1.91602130285
1.84658991404
1.85006751985
1.83038279585
1.68737519493
1.85456015928
1.7550134369
1.66497269275
1.93762950748
1.70412483709
1.76545905518
1.7586797695
1.85616652217
1.68510026413
1.77780214565
1.71690055522
1.75916261817
1.71668936164
1.63123882445
1.9025768764
1.78580538989
1.61680071843
1.72235552932
1.75438612385
1.87410503382
1.91200852325
1.82193435086
1.6534518653
1.74809411558
1.80233114071
1.87031245356
1.93541602289
2.05870929289
1.88120883899
1.85530706697
1.82118063439
1.81283715384
1.82229244483
1.74635338649
1.82540235323
1.69086155102
1.81977163008
2.0062149091
2.00881061728
1.82219026405
1.87614595212
1.79307564318
1.92353979481
2.05898832651
1.82709126074
1.93405700474
1.87841318716
1.87167069105
1.81418759134
1.66663512593
1.59863151145
1.84340313938
1.67452430319
1.77530531892
1.80826693497
1.64399817937
1.9370815648
1.56453876711
1.86011178718
1.8766142175
1.85167393585
1.81648274471
1.789655523
1.77836963306
1.62045570138
1.79029975181
1.62308936964
1.82687871638
1.87721701806
1.85486396605
1.90742954611
1.93568240015
2.00073830366
1.88317850103
1.77249549635
1.93767054513
1.83404800525
1.77839918277
1.92462233322
1.78569436562
1.75758145976
1.84613240459
1.91503826989
1.69421625053
2.05216572995
1.92063657277
2.03143835936
1.93592262235
1.9388317203
1.97498426486
1.95633401199
1.80298123362
1.99141505596
1.9009219246
2.04917706196
1.94654572888
1.87054709556
1.90312243531
1.77139015
1.87235189908
1.85956252839
1.92766971264
1.71804307462
1.80217225612
1.73025732242
2.06204571173
1.78818836544
1.88275265456
1.95349060568
1.83289424183
1.83502730879
1.77573860025
1.76293468698
1.95699431373
1.77147642367
1.82866442618
1.89617302444
1.79747159413
1.93245699536
2.00135845503
1.83897332406
2.04713951967
1.90180173433
1.82009887114
1.88709261707
1.85770319303
1.71099636472
1.82922878575
1.8505195547
1.87530667632
1.76385905957
1.95484572962
1.8783454478
1.86837487258
1.84204040639
1.86973960096
1.86751788556
1.92753057681
1.93228433702
2.0357104568
1.9532751749
1.91618204392
1.93045051542
1.71015368573
1.84335742496
1.81620360169
1.7026530152
1.90732523804
1.71398510066
1.71188360263
1.881586123
1.86369689287
1.81324818372
1.92065818821
1.83078211383
1.76369067077
1.93657737285
1.78376341471
1.96037790243
1.70574669864
2.02033874535
1.7488892274
1.91580475308
2.34041825339
2.37550116874
2.24494005426
1.78030175559
2.55045261867
2.37537168059
2.33366003222
2.51516087618
2.52988936694
2.21996638962
1.86721308645
1.93857289106
1.9129196644
2.3524663092
1.82544954957
1.98628634012
1.72596569102
1.68755607474
1.81085852231
1.78923947392
1.81260318498
1.65618002231
1.78879254941
1.80312051137
10
