1.17989069056
1.2164904358
1.13818241895
1.85436770643
1.82961677901
1.90097202787
1.96415710342
1.79497588089
1.87403142626
1.92292653762
1.86848008728
1.83282524752
1.90820909404
1.92568074397
1.82155421396
1.92716283795
1.95244686935
1.97765647371
1.84855914925
1.81025536544
1.8724887394
1.97513769625
1.87478560236
1.81425252892
1.83173102474
1.99925469816
1.96243073061
1.83002919341
1.81938188101
2.0449618903
1.27223194088
1.14021828155
1.1370671362
1.90838914289
1.7379349128
1.78276468184
2.00317059712
1.93813584783
1.76336772117
1.84521012466
1.88655382922
1.85430332279
1.89585081964
1.7901478208
2.00922947179
1.89369696287
1.89668783841
1.85061820357
1.76039697047
1.84451969681
1.7942306098
1.94447815238
1.85137251691
1.63660206136
1.88810706497
1.71025151169
1.7841013193
1.6834447122
1.82725972399
1.74062348743
1.17623223017
1.10435440787
1.16957433646
1.76432126457
1.87552641055
1.92898611029
1.89987823563
1.93162706875
1.87460402528
1.92044310885
1.86526623197
1.86214772624
1.85442316584
1.87929724871
1.93864911941
1.78108506816
1.93277953291
1.98922036099
1.89937109851
1.78813417198
1.76458219345
2.09968483211
1.90264091708
1.94798134238
1.84643889034
1.95990734635
1.85912675001
1.77819934666
1.91447955284
1.87921147978
1.25075665151
1.30319842229
1.24405528302
1.97643656306
1.85595530478
1.85805818581
1.93233057079
1.89181162423
1.81627778721
1.81826558332
1.85219764294
1.96098423614
1.81380982489
1.824230041
1.85003156862
1.85587304858
1.82512047448
1.93581140209
1.9406140963
1.92101315506
1.82123985615
1.85111551451
1.81758791691
1.85843691203
1.6639602627
1.85820050525
1.84476723093
1.85289154402
1.96779210508
1.89806861251
1.1731416344
1.20669844116
0.99500905552
1.66514817674
1.689980659
1.70988685077
1.82039696736
1.70908087803
1.89540246137
1.90631206141
1.80394793841
1.78560664137
1.90908425644
1.71746897992
1.87699633607
1.84265564552
1.79269762068
1.88340230757
1.93493523206
1.82694180854
1.70576388189
1.88846629733
1.54629917935
1.96576763577
1.74153057085
1.77716702318
1.61032404953
1.76551744584
1.81418289317
1.82801731136
0.934225998133
1.27467521158
1.06878553179
1.78730964823
1.76331500184
1.8230842342
1.81532940619
1.80631800904
1.81100708285
1.80553925703
1.52675131006
1.86718062332
1.77484305153
1.92411312259
1.90932019061
1.85817011501
1.91228156389
1.80975352612
1.85166054268
1.82123419962
1.73347493652
1.82388109805
1.8468878571
1.7939239306
1.6980414291
1.73737315383
1.79955117263
1.92316579215
1.84890784453
1.93914421701
1.09371019615
1.11620410378
1.10424045647
1.69873003157
1.83657931906
1.93872358586
1.69634383341
1.76116625776
1.76501056173
1.8479037988
1.79675416757
1.82205100169
1.77458364224
1.74511999534
1.75791662959
1.7059699623
2.02627064681
1.88122616952
1.66980291072
1.81645365985
1.81559027997
1.88890515553
1.7812201315
1.89783389772
1.77213033199
1.81613388585
1.7495928391
1.71055645287
1.86184068844
1.7807725608
1.1531896093
1.18762153244
1.18883568455
1.972902975
1.83957509911
1.80722238656
1.80910178131
1.89707452772
1.8130047389
1.96228425538
1.92096960649
1.96949951306
1.86527945505
1.85322013856
1.84575788506
1.64069607462
1.74189608575
1.7498789651
1.66582066084
1.71606082255
1.65931447316
1.87809036481
1.6583840405
1.54283636593
1.79484896278
1.70246819966
1.78705663543
1.66910618291
1.80601669207
1.72750226994
1.18877180591
1.1022651517
1.20723546174
1.90252116391
1.74256192009
2.0537566906
1.8607014229
1.71065283831
1.99989955145
1.89541844522
1.88539961825
1.87928697802
1.90866852257
1.80795916122
1.86076306181
2.01527447122
1.77573659644
1.96289689099
1.9454549328
1.79927745149
1.96527506108
2.01075948096
1.69439882486
1.88149894498
1.95379187126
1.97674898593
1.88590871264
1.9164760972
2.07575383971
1.93583741472
1.17788886502
0.969470901786
1.15493913371
1.96435994815
1.82798100743
1.85700275439
1.80161023196
1.98104217014
2.04507607706
1.79737662407
1.89726533248
2.05016672731
1.86361180107
1.74191047068
1.8084292364
1.80723226887
1.94305651692
1.97892132685
1.8910602312
1.77215178153
1.88380805483
1.82892968537
1.95218817081
1.88934081337
1.8943213618
1.91619965925
1.7202261409
1.81454416914
1.79966191226
1.86689054626
1.28460417099
1.26040804914
1.22939208014
1.79640548353
1.7345650409
1.93218387225
1.77127938032
1.83708268118
1.87121215146
1.93417819421
2.02959318272
2.13042436661
1.89123727731
1.84441895594
1.7522050311
1.75171102501
1.97736002347
1.67210681495
1.72439685587
1.85882215319
1.96910138645
1.81698443186
1.6905022172
1.94932485215
1.75709917206
1.87780945911
1.86611300218
2.03890622746
1.88821325234
1.72782521237
1.19097506295
1.12383012883
1.21137817108
1.88142875222
1.70983079266
1.86710468371
1.82649258909
1.95721975112
1.82819251404
1.81615995945
1.89779770067
1.8690347605
1.86965106765
1.83500870268
1.85179723748
1.96819878224
1.88743701227
1.73396451532
1.81961495622
1.94269700996
1.89177719495
2.12473308951
1.78666542384
1.77643798011
1.87895342082
1.76952430639
1.95419737
1.87926876718
1.84297263365
1.8497715715
1.19496159009
1.33977529426
1.11434671655
1.76933388738
1.86065170312
1.87591325391
1.79382668268
1.67513901318
1.73920865516
1.93400560905
1.67754286546
1.81178080525
1.76457764651
1.95280979615
1.76313067435
1.97224056414
1.83474187124
1.68800407547
1.67338750267
1.81342923892
1.70531590237
1.76572391917
1.84309442451
1.77029540272
1.84258377558
1.8860593205
1.7219056938
1.9311755551
1.7247752446
1.76242803201
1.28499988439
1.26642158693
1.18720931461
1.62638010953
1.79563460378
1.74519690283
1.88428680478
1.9158213711
1.73358813085
1.73925103264
1.78620315417
1.86192772
1.91882068318
1.76329695776
1.87398171173
2.01747030999
1.96934403812
1.84637738853
1.92173552973
1.84033559836
1.84827518263
1.78301218957
1.89233126073
1.81625191224
1.89599468184
1.72550215418
1.8758518788
1.85168147188
1.80284393504
1.8968653356
1.33153037363
1.19841745767
1.27459275118
1.91936695108
1.77478536283
1.84091379315
1.79506262774
1.86434775036
1.75547076698
2.00568681051
1.88657508759
1.86785404336
1.7362463575
1.78308311566
1.82312767743
1.9961668938
1.86077634224
1.93109708407
1.78392613726
1.83100125399
1.8128883456
1.82761536051
1.75031651662
1.90517309777
1.77734695471
1.90851567286
1.65306828335
2.03800861251
1.76685163737
1.7894733418
1.22252613327
1.14404731051
1.13284785253
1.93161231525
1.52523865961
1.77648696546
1.80138037954
1.79460965927
1.88068854538
1.87703785433
1.89171377184
1.98229768048
1.8496781647
1.80055746076
1.92680831573
1.83686546498
1.8664421045
1.79195322364
1.85829003736
1.83751518134
1.72664076798
1.92288826342
1.82939408006
1.95209395126
1.84383165043
1.69939398699
1.79293224025
1.75675416545
1.8040813469
1.82669028726
1.18098879823
1.2389858513
1.22445343737
1.83452519841
1.99180283809
1.8756413433
1.93000487675
1.90763314252
1.81841178434
1.94068502924
1.7653868928
1.97220861892
2.02968716934
1.93087299973
1.94282750413
1.92440476873
1.91518694604
1.94913205131
1.7372985252
1.90808346086
1.93387572124
1.96035567184
1.87713625287
1.86631248178
1.86632631614
1.99525737068
1.67660349704
1.82284778582
1.90743621032
1.8661035262
1.12265696458
1.24490922389
1.36694125018
1.72258209083
1.81873040659
1.93293145006
1.78007337723
2.01595394982
2.01036443237
1.81460796709
1.83008966863
2.00844766819
1.79909889462
1.92370267494
1.79407130275
1.85719650246
1.9408584814
1.91810119316
1.78473788897
1.78904009698
1.75854641703
1.94696276512
1.89890763007
1.90168957163
1.95551357666
1.8180583001
1.97251917489
1.76577589902
1.82719543512
1.82590641694
1.25988107139
1.2768355275
1.01084017953
1.77848650191
1.82717185647
1.86049799919
1.76010726764
1.84788656615
1.78798899732
1.81901599654
1.73521991605
1.89990645667
1.81652772251
1.72218637962
1.81119309394
1.66771030164
1.85690903105
1.88688516438
1.97016313959
1.80943109372
1.81453428928
1.92033826249
1.92609956048
1.92079935756
1.95544917042
1.78250887107
1.89259867038
1.78917565545
1.89401867318
2.0539658706
1.28448863992
1.2331009123
1.0521739928
1.78901819837
1.92591685623
1.9369276278
1.88835762942
1.81728669508
1.79394951639
1.77815687411
1.89116412326
1.96116416222
1.71397796085
2.01997485592
1.74961882749
1.94682013772
1.73762461853
1.76674462371
1.54147100031
1.81898067229
1.69486317819
1.87570794069
1.84601630663
1.97727107612
1.95192506
1.84587672774
1.89417849355
1.96949656095
2.0931199093
1.98100496048
1.21748218153
1.38944293509
1.27399015845
1.98412477028
1.79039021913
1.96222854323
1.77522724826
1.8482016141
1.82268093484
1.7151680276
1.6962968558
1.78481178267
1.79431008313
1.7721128334
1.79093638666
1.76715441843
1.85826039437
1.94348649285
1.721599591
1.92680711243
1.74008711735
1.90994212246
1.86395431905
1.92192634131
1.9248147167
1.81614502639
1.86502656827
1.67518696717
1.83751300186
1.83898111974
1.36636629228
1.31895734863
1.16585989263
1.93515806041
1.91296722606
1.88280107459
1.87501541343
1.86568160627
1.94436041883
1.78027867798
1.94257023685
1.9266937847
1.85136339525
1.76096034183
1.87480787099
1.89707878144
2.0126979468
1.9272611619
1.81823608299
1.90582887205
1.91775752611
1.78752631956
1.88033733712
1.85212685674
1.76430477941
1.88324458882
1.69766473783
1.80709583468
1.74441611744
1.67177022494
1.16054605111
1.12573290578
1.11574324902
1.8670187082
1.6418338509
1.87117842804
1.75934138418
1.67277491062
1.71457996205
1.74904366292
1.65712808887
1.63453062687
1.9349480694
1.92200412298
1.91543387944
1.83923115117
2.02301273332
1.93861170744
1.87664211455
1.85964812988
1.98091678863
1.97178844152
1.87687774984
1.94027621009
1.84546505615
1.88924875781
1.82695826561
1.91396090272
1.85433152599
1.77829977087
1.12987661258
1.21523593466
1.16892144251
1.79736001864
1.76314163275
2.07809832478
1.92363677204
1.91201604328
1.89175129392
1.9446316927
1.8094585514
1.89010650498
1.90986031557
1.99992977657
1.77316179065
1.80045213798
1.8327711729
1.84436148828
1.82553901463
1.82430990027
1.81820869316
1.79791293535
1.93612350458
1.91330371371
1.80241054647
1.90471318001
1.87478283866
1.93313421444
1.833128725
1.82847444568
1.00648947334
1.05894554273
1.19856816376
1.59899015848
1.62833186863
1.8693840057
1.83761225184
1.80476087715
1.9203224232
1.7873352993
1.88733108303
1.77876528879
1.74813339541
1.64143222847
1.80761508911
1.77976752077
1.97521707749
1.91067695408
2.03608025138
1.91052890624
1.92827357007
1.80683756209
1.8672655101
1.90677126995
1.99090339041
1.96452850054
1.83846971755
1.99042757476
1.89677283447
1.9298157343
1.12561769737
1.31491459681
1.09460657851
1.82060367716
1.71196466
1.64973068242
1.87221556205
1.97651900621
2.03195638347
1.96074788083
1.98188755776
1.84910967605
1.80239675866
1.9582948157
1.90795078254
1.78414082854
1.77657694684
1.92124070252
1.75994881891
1.80998221201
1.64639223667
1.93959627591
1.76832091386
1.88104338499
1.93496605519
1.88246790304
1.92885504045
1.89009106508
1.83495601262
1.80880868127
1.30012244912
1.05396652529
1.20404958402
1.88470614389
1.73351188504
1.70287803812
1.85628489727
1.55257670859
1.6783964379
1.67324833725
1.64998399802
1.71589258883
1.75694419289
1.67181943732
1.68627060993
1.76686882789
1.60107310261
1.75708743847
1.7541430618
1.89791351228
1.97612429409
1.68536197729
1.82937128746
1.80510566727
1.98829834334
1.95501584725
1.80676216399
1.73096349427
1.80232048216
1.99301738801
1.07168264503
1.17809304379
1.24379800819
1.82655757233
1.83539919772
1.89803840204
1.87130952354
1.93114749117
1.63810537427
1.8911843068
2.04704316445
1.84674601829
1.82474732095
1.77519920139
1.86080220784
2.00701122615
1.87065411869
1.84459024938
1.86559945679
1.74349845806
1.90840688864
1.8473774534
1.88677005034
2.00900829021
1.78784981637
1.83187774486
1.91510037324
1.70523313679
1.87766819643
1.80260655057
1.04032960129
1.28008194993
1.2081162231
1.73011265411
1.87759988932
1.80354390329
1.68205988744
1.7642144639
1.90596448626
1.71092991879
1.87894835913
1.93778543403
1.84766638173
1.7697786548
1.89711569657
1.8847044917
1.71200561139
1.62468430291
1.71282072209
1.8846731464
1.97080087036
1.82393082936
1.74928381492
1.82104574405
2.23782661953
2.17254158079
2.27228821478
2.18617068278
2.19099599168
2.29036339186
0.337371422825
0.219481676283
0.154428962432
2.32746027131
2.14718654636
2.18443670525
2.13525707554
2.44380091868
2.22191905437
2.07822225101
1.74176617096
1.81589103981
1.85276705586
1.79442306708
1.74157613037
1.93120085595
1.87821566567
1.86294879265
1.92019073764
1.84907943755
1.8525720062
1.83592460457
1.68808401878
1.85670860001
1.75831642889
1.66771182603
1.93812618761
1.70425255733
1.76995017899
1.76066603856
1.23827097005
1.01132264183
1.08898842753
1.72374155877
1.75914430396
1.71910636153
1.63321306746
1.90517724817
1.79233306551
1.61780517404
1.72619033797
1.75734279582
1.87671636399
1.91530749388
1.81953346008
1.65765830654
1.75461439898
1.80551711086
1.86840779044
1.93822079663
2.05824614278
1.88436285753
1.8582262942
1.82318379321
1.81394950193
1.82580340726
1.75197967877
1.82528596427
1.69510306891
1.8255402453
1.37980382719
1.33930963754
1.14414107192
1.87912518962
1.79629012526
1.92912887856
2.05997728485
1.82986459602
1.93793272877
1.87925052647
1.8699920304
1.81298301858
1.67239696471
1.59729747927
1.84545526692
1.67835053236
1.77602521027
1.80797915437
1.64431695594
1.93799641331
1.56468217036
1.864219284
1.87403293977
1.8566452688
1.81743603186
1.79335877252
1.78133916747
1.62050132345
1.79230917057
1.62484275268
1.12306449321
1.18193447646
1.18595197905
1.90776802852
1.93452367252
1.99915669081
1.87798756241
1.77180329586
1.93667264238
1.82799217064
1.77468930829
1.92725998107
1.78474873896
1.75159404297
1.84278454973
1.91390509631
1.68886173426
2.05101903942
1.92004324743
2.03322456416
1.93510581949
1.93884913543
1.9734565621
1.95379547136
1.80342640419
1.98982127387
1.89747306098
2.04935250277
1.94281743582
1.87069161439
1.23247710833
1.10845492822
1.23339958393
1.86035086872
1.92659323687
1.71359063695
1.80385556723
1.72904382758
2.0571151416
1.78541347393
1.88177375748
1.94883498524
1.83351397247
1.83224777491
1.77312145225
1.75878733351
1.95332853795
1.76363332763
1.83116256606
1.89507777761
1.79760451062
1.93478077843
1.9991554723
1.83832562813
2.04752347685
1.90197705994
1.82057447597
1.8870336761
1.85694783831
1.71001001537
1.18198399722
1.18962784018
1.19280976676
1.76378229436
1.95610800174
1.87878482373
1.86746429585
1.84417760407
1.87137341892
1.86615145586
1.92256753807
1.93402006957
2.03559908397
1.95649243623
1.91745105657
1.93212241663
1.71017099062
1.84280997801
1.81642289002
1.70639434442
1.90492505486
1.71282178192
1.71334817338
1.87708822033
1.86218394207
1.81220709525
1.92298861453
1.83168665311
1.76610076696
1.93880838992
1.16342091813
1.32242036634
1.02835938921
2.01836699764
1.7488264566
1.91469603435
2.34102661714
2.3760363195
2.24985888858
1.77921453508
2.55601068459
2.37461252145
2.32880795879
2.51719605563
2.52969909924
2.21881303988
1.86673401751
1.93668637443
1.90990684883
2.35255719548
1.82519552559
1.98935188442
1.72807595197
1.68682152295
1.80930657565
1.79429356066
1.81084959446
1.65759240478
1.79126015051
1.80027164401
10
