1.17945268035
1.21690164683
1.141923836
1.85470376961
1.83325052433
1.90268739631
1.96422869869
1.79574551017
1.87576127988
1.92460788646
1.86712167575
1.83415005278
1.90879478024
1.92752419035
1.82099583735
1.92775168418
1.95768732828
1.97790923596
1.84932706033
1.81187815134
1.87231616664
1.97822387503
1.87459117475
1.81611133971
1.83428798451
2.0034091751
1.96407226287
1.83032853035
1.81973460141
2.04579271281
1.27236109449
1.1399074807
1.13729397648
1.91014030195
1.73698303286
1.78632201629
2.00543174362
1.94030172268
1.76279373372
1.84576245382
1.89151334837
1.8553775867
1.89485901061
1.79121051956
2.01107514152
1.89794837571
1.89823871604
1.85222354474
1.76172335292
1.84535759811
1.79429613535
1.94369088617
1.85349058959
1.6374954089
1.88878719316
1.70940847764
1.78621227147
1.68290092769
1.82660701758
1.74069985287
1.17673583724
1.10385631182
1.16960589351
1.76589405305
1.87747898107
1.93233841728
1.90455081632
1.93302899123
1.87698775217
1.92612124173
1.8655675682
1.86410333807
1.85238883021
1.88096225112
1.94263610566
1.78148201996
1.93368682202
1.98890893557
1.90073165488
1.79221148308
1.76534892024
2.10330523453
1.90330692609
1.9482992069
1.85044676924
1.96178118389
1.85957796619
1.77889569975
1.91759843326
1.88271310907
1.25175336558
1.30460715421
1.24493009739
1.97751450332
1.85735577111
1.85807864466
1.93317771918
1.89348328717
1.81718788473
1.81728342039
1.85676609656
1.96371043643
1.81560657082
1.82738908284
1.85002467605
1.8565449169
1.82594490672
1.93775274787
1.93892346677
1.92303586883
1.82122058316
1.85192638301
1.81882730718
1.86043704295
1.6676409389
1.86303474457
1.84408837384
1.85189224184
1.96808802716
1.898220787
1.17392764948
1.20773563981
0.994916119163
1.6632368206
1.69070572547
1.71197576786
1.81820201359
1.70994032209
1.89809957531
1.90609784944
1.80367746416
1.78405031007
1.91199022149
1.72019156179
1.88080693463
1.84476508222
1.79423857671
1.88512648186
1.93563303453
1.82721473804
1.70690827288
1.88853663247
1.54707173817
1.96742102284
1.74275494154
1.77780904574
1.61340956072
1.76748945337
1.81548643639
1.82952617143
0.935004098677
1.27270764561
1.06987278489
1.79058007913
1.766054264
1.82490813507
1.81765103145
1.80923903594
1.81153077601
1.80836205682
1.52709938018
1.86498947091
1.7743209983
1.92685478273
1.91236520012
1.85924451753
1.91225837628
1.81102934399
1.85127470453
1.82407302443
1.73564358112
1.82512450416
1.8465003206
1.79492803288
1.69642985434
1.73742973303
1.80101584429
1.92371894195
1.84999487538
1.93770543531
1.09411855175
1.11922138223
1.10591484493
1.70035894827
1.8359014734
1.93982933941
1.69877857958
1.76444951213
1.76774047927
1.8501071302
1.80212256659
1.82234054129
1.77702986662
1.74641089223
1.76061100436
1.70560126916
2.02719260065
1.88361023359
1.66901657065
1.81706067116
1.81611896373
1.8899285547
1.78280542407
1.89960328097
1.77661492509
1.81816142063
1.75138055725
1.71051067363
1.86272022227
1.78439352933
1.15143828042
1.18564873136
1.192768224
1.97387639339
1.8417631573
1.81062693122
1.81168591154
1.90144417822
1.81442973249
1.96484478431
1.92405435135
1.97126273304
1.86720915196
1.85468915868
1.84692764118
1.64133200266
1.7446501336
1.75026541569
1.66683387245
1.71735397714
1.66060923006
1.87970584111
1.65935111203
1.54318757245
1.79507242565
1.70470832567
1.78637772849
1.66975677791
1.8065099973
1.7294092336
1.18639413125
1.10164756654
1.21124648255
1.90289600426
1.74445584813
2.05574853357
1.8603402359
1.71368122043
2.00166543128
1.89836536117
1.88635505687
1.88010378456
1.90886982003
1.80816001066
1.86263851316
2.0183610121
1.77840166325
1.96576476369
1.94657781991
1.79970990353
1.96660754849
2.01393729065
1.69684454764
1.88263021814
1.9569657725
1.98072543732
1.88584423936
1.91893563575
2.08135791896
1.93820558546
1.17857617147
0.967126512595
1.15387983552
1.96367104658
1.83065099624
1.85568982211
1.80473401549
1.98471156839
2.04838562864
1.79950254514
1.89887683072
2.05100753174
1.86605566128
1.74592150728
1.81338348719
1.80921300244
1.94410255574
1.97713702132
1.89197448866
1.77559030898
1.88572469048
1.83088419036
1.95341444359
1.88859946023
1.8950327839
1.91641926243
1.72283760969
1.81609759764
1.8012769344
1.87061877979
1.28476574283
1.25860654953
1.22916948086
1.79667547116
1.73659304739
1.93469850637
1.77566247593
1.84281013843
1.87096648393
1.93859207262
2.0295341303
2.13148586372
1.89112450748
1.84721580837
1.75649714583
1.75161872482
1.97879918278
1.6733529987
1.7290596455
1.86537858567
1.9732021453
1.81709419272
1.69103416156
1.95255714601
1.76193260022
1.87938128488
1.8674326107
2.04091557866
1.88783611065
1.72996669928
1.19187980484
1.12919053738
1.20999047886
1.88362505115
1.71148283495
1.87117496938
1.82928612643
1.95907208829
1.8304132587
1.8201566549
1.90204405901
1.86980678338
1.87423562345
1.83296943447
1.85444147504
1.97084362982
1.88803057619
1.73513965722
1.82043095276
1.94471204554
1.89541833581
2.12664463102
1.78959475693
1.77723722256
1.88119205882
1.77189288683
1.95383119563
1.87933318847
1.84584377484
1.85137103708
1.19566862634
1.34051354038
1.11424975816
0.0
1.86374096667
1.8786954655
1.79642033029
1.67626085933
1.74004567284
1.9340854108
1.68106274953
1.81162576788
1.76687851564
1.9570469085
1.76547984225
1.97506929919
1.83618369972
1.6921887078
1.67660465383
1.8157061464
1.70672656146
1.76927418949
1.84592814406
1.77110678419
1.84827177539
1.88681701509
1.72401093876
1.9330658937
1.72460843089
1.7621931043
1.28632393684
1.26500212574
1.18965233095
0.0
1.79749356784
1.74362594214
1.88659931041
1.91532147573
1.7356196428
1.74216936869
1.78535054329
1.86478754399
1.91898495893
1.76515411488
1.8768204054
2.01750903
1.96744165857
1.84893207739
1.92390337445
1.83993889339
1.8499387253
1.78438588108
1.89098806453
1.81617914748
1.89602425404
1.72878802872
1.87737740269
1.85250388425
1.80585682451
1.89629770458
1.3335797179
1.19871267205
1.27082111593
1.80095215117
1.77895928695
1.84458976868
1.79655428877
1.8659264944
1.75591624152
2.00688832153
1.88892284228
1.86830764182
1.73803430302
1.78409476043
1.82654954273
1.99988425592
1.86749864033
1.93295061511
1.78540263043
1.8325018895
1.81642833271
1.83215450396
1.753336195
1.9085310143
1.77880796479
1.911021509
1.65270983104
2.04086229239
1.76939666451
1.79225922182
1.2263871745
1.14342467107
1.13063202412
0.0
0.0
1.77977166409
1.80072930353
1.79373221177
1.88325923711
1.88129387222
1.89227216275
1.98305082844
1.85114371554
1.80318185383
1.9310710759
1.83740870174
1.86818901109
1.79537800023
1.86138777288
1.84049711325
1.72763037168
1.9249592265
1.83177545504
1.95343429499
1.84420620102
1.70144564708
1.79612080539
1.75754649688
1.80406965086
1.82642234975
1.18151161765
1.23889184783
1.22442653946
0.0
1.9982595216
1.87948435244
1.93222342808
1.91161016628
1.82044390661
1.94209994564
1.76643163851
1.9746676279
2.0311434264
1.93286395288
1.94626593056
1.92641764865
1.91725796335
1.95385793883
1.73771145303
1.90985368709
1.93784855538
1.96185817754
1.87987537134
1.87145229792
1.86867874442
1.996397555
1.68173689914
1.82666778744
1.91067634541
1.86957262226
1.12298082623
1.245883776
1.36981341747
0.0
1.82031779069
1.93691760515
1.78045899014
2.02048249726
2.01186496467
1.81694509619
1.83527017547
2.01003678896
1.79999561231
1.92757645917
1.79734966112
1.86168419736
1.94409245467
1.91901239112
1.78998683742
1.78920833924
1.75926918873
1.94741057707
1.90361839562
1.90631915501
1.95966264266
1.82107552453
1.97426159501
1.76752690315
1.82764156642
1.82969878076
1.25648791674
1.27572559753
1.00565885009
0.0
1.83379729937
1.86033833142
1.76468953829
1.85057164995
1.79213188246
1.8197939277
1.73480436813
1.90306540664
1.81870890976
1.72362500132
1.81359473333
1.67177761576
1.85985219477
1.8864720393
1.97177734347
1.81266692136
1.82021549445
1.92250734219
1.92482881613
1.92233693703
1.95722089987
1.78491671849
1.89539156068
1.79101123332
1.89649281304
2.05539396179
1.28518291114
1.23325904525
1.04875583997
0.0
1.92843342226
1.94571463181
1.89252985802
1.82053706531
1.79738100807
1.78273976042
1.89726106434
1.96486784441
1.71970585901
2.01912877417
1.75213048318
1.94876221398
1.74160586246
1.76977445748
1.54521985079
1.82459266707
1.6999367549
1.87711239067
1.84681562203
1.97787184799
1.95693277856
1.84718498221
1.89527756471
1.97296264841
2.09420927098
1.98344003883
1.21689345682
1.39039944306
1.2723064208
0.0
1.79210133632
1.96545487363
1.77599699798
1.84973721006
1.82323480758
1.7217244658
1.69870987753
1.78690627468
1.79604968962
1.77722881754
1.79606031864
1.76796475264
1.85871018508
1.94390383423
1.72497976657
1.93033779757
1.74298316218
1.91470368476
1.8683091065
1.92567127698
1.92729372908
1.81843542597
1.86430048169
1.67968367163
1.8395894017
1.84310022735
1.36756456956
1.3187099783
1.15783736431
0.0
1.91766551056
1.88559292194
1.87880407429
1.87013637458
1.94878108934
1.78565632078
1.94278840003
1.92653151541
1.85594533015
1.76273053779
1.87819284122
1.90099163662
2.01240850244
1.92939545541
1.82405995913
1.91173400008
1.92268863358
1.7879441634
1.88387487524
1.85428546121
1.76708492785
1.88551236054
1.70008655188
1.81122354504
1.74746797032
1.67527980951
1.16531957608
1.12830340431
1.11919432495
0.0
1.64630588355
1.87650039133
1.76167835145
1.67851298448
1.71877888828
1.75077639193
1.65970181172
1.63881706158
1.93828437741
1.92539371674
1.91810447672
1.84291813625
2.02747521812
1.94115818621
1.88171652442
1.86080837068
1.9822334987
1.97411101568
1.87924887519
1.94282733598
1.84772471134
1.89192945753
1.82920897016
1.91863202807
1.8557632228
1.78109353418
1.12661973656
1.21665171737
1.17035620824
1.80235042815
1.76510728798
2.07938366634
1.92872228937
1.91426508877
1.89294223804
1.94683138397
1.81024967206
1.89372102023
1.91211015312
2.00188765305
1.77681863339
1.80355589777
1.83514558347
1.8493249685
1.83057981213
1.82721700868
1.82260129966
1.80140105843
1.94151777577
1.91666157367
1.8081270241
1.9036641082
1.878583483
1.93429893102
1.83562168106
1.83081529215
1.00439965181
1.0581104913
1.19795998574
1.59933396678
1.6329189425
1.86952601974
1.83974861705
1.80753653579
1.91946373265
1.79004031894
1.88665285408
1.7796562692
1.75168355101
1.64185648142
1.80709177916
1.78209846933
1.97857787194
1.90915897134
2.03655426282
1.91251333075
1.92924268567
1.80821967842
1.86874426988
1.90676234213
1.99316561978
1.96393653756
1.83883197448
1.99243774915
1.89591486494
1.93250337153
1.12917014628
1.31641323984
1.09537145629
1.82262269385
1.71255931586
1.64944593006
1.87301033814
1.97802508122
2.03245013363
1.9579043048
1.98557638767
1.85276208211
1.80506321456
1.96418676969
1.90872700577
1.78700327846
1.77646449751
1.92318361516
1.76130829944
1.80939039995
1.64579803048
1.94238790187
1.76861873324
1.88218078479
1.93687112005
1.88248589494
1.92940278791
1.89216140727
1.83523291828
1.80960211619
1.29841159528
1.05617604452
1.20437855421
1.88855986125
1.73471908681
1.70741697821
1.85994795726
1.55532339024
1.68076524469
1.67522300892
1.64936938492
1.71597401002
1.75783010299
1.67167542629
1.68779559328
1.76970560604
1.6021068578
1.75650234018
1.75762251678
1.89670472587
1.97751879312
1.68443956641
1.83106941786
1.80757770639
1.9891082463
1.95541088321
1.80468963704
1.73044481473
1.80084996871
1.99246626078
1.0711108667
1.17555594213
1.2450295248
1.82756594816
1.83657014288
1.89722741348
1.87192677201
1.93173061393
1.63678166058
1.89143268373
2.0456682917
1.84835542259
1.82934008758
1.77776932847
1.86471579305
2.00949634539
1.87133271893
1.84678862667
1.86669873924
1.74266850168
1.90971905138
1.84909536896
1.88635924404
2.00693216133
1.78673616523
1.83443039216
1.91778080624
1.70490790209
1.87892876544
1.80089385242
1.04044833802
1.27987265174
1.20755516058
1.73151365098
1.88016465995
1.80776608398
1.68577061912
1.76511601726
1.90726214656
1.71354041274
1.88075049218
1.93862313104
1.85029770197
1.77006105349
1.90149509929
1.88762801117
1.71294598739
1.62780816446
1.71692193028
1.88729892542
1.97098390894
1.82428446855
1.74783978249
1.81845670041
2.24026728044
2.17341362039
2.2733588307
2.18761647089
2.19085803188
2.29148425206
0.340493204853
0.220868252349
0.156356004858
2.33107742472
2.1493593812
2.18785321136
2.13563824135
2.44648786816
2.22186390292
2.0832840761
1.74500297756
1.81652368548
1.85409739634
1.79381484211
1.74227591874
1.93270182155
1.87702099626
1.86262734496
1.91981594148
1.84892479873
1.85507747419
1.83602094902
1.69102258266
1.85724799532
1.75847867328
1.66882561876
1.94032284007
1.70921698967
1.77088126721
1.76229538831
1.23912979193
1.01246669421
1.08815881305
1.72274138746
1.7582322148
1.72039024461
1.63728381588
1.90534892492
1.79213826385
1.61829623893
1.72731788686
1.75615258913
1.87705879694
1.91656563395
1.81970910287
1.65855625576
1.75321118909
1.8056539868
1.87003761967
1.94076623226
2.06029504992
1.8847484913
1.85953656208
1.824231668
1.81615517397
1.82755742627
1.75207450945
1.82831990165
1.69466391679
1.82563455456
1.37893722891
1.33900869203
1.14246175545
1.8793180651
1.79709211087
1.92788470527
2.06108304519
1.83281877636
1.93899480594
1.88188323829
1.87080024397
1.81429891276
1.67452508087
1.60103008903
1.84841364149
1.68007666523
1.77890007247
1.80914957435
1.64594436393
1.93658798888
1.56535389687
1.86438098014
1.87490372361
1.85596127503
1.82018807682
1.79441033325
1.78240443692
1.6197008261
1.79307856158
1.62687506721
1.12403567534
1.18169735475
1.18626628385
1.90501645424
1.93745720786
2.00098267386
1.88083933555
1.77611080951
1.93715376931
1.82842218801
1.77611963854
1.92558922191
1.78051223085
1.75459693407
1.84307740748
1.9128608927
1.69009459534
2.05257680242
1.91881204708
2.0326263259
1.93573100395
1.93859389464
1.97335813797
1.95675557495
1.80074335325
1.99032492861
1.89907239956
2.05025944575
1.94310320115
1.86908104789
1.2357636641
1.11064769862
1.23196293342
1.86053849278
1.92815917661
1.71504424284
1.80507314462
1.72997665711
2.05759421657
1.78485865378
1.88114697872
1.94903535164
1.83462265149
1.8320038138
1.77313161102
1.75925139161
1.95426120978
1.76363430228
1.8319044997
1.89452829005
1.7969660898
1.9350595501
1.99984099604
1.84164113206
2.04983151934
1.90178030026
1.82155934114
1.88756847779
1.86068907559
1.71114518915
1.18222034088
1.18848226447
1.19480723586
1.76381799078
1.95655656561
1.87871393189
1.86479474671
1.84518221775
1.87052452441
1.86931194679
1.92553496875
1.93045986158
2.03323613765
1.95573146246
1.91617148709
1.93333839386
1.70968871472
1.84363900301
1.81662810323
1.70734095317
1.90724752918
1.71528667597
1.71436697162
1.87891716396
1.86413805281
1.81628902316
1.92386212173
1.8341186529
1.76571651707
1.93840850296
1.16446000117
1.32068622889
1.02665687223
2.01902481929
1.7519346086
1.9144254329
2.34113312306
2.3776026758
2.25166986515
1.78299093507
2.55245830654
2.37360596655
2.33001888971
2.51746623408
2.53363852981
2.22246576076
1.86983087355
1.93836010359
1.9108704573
2.35337782486
1.82343422933
1.98962980367
1.72842212158
1.68866165483
1.80970291071
1.7926809384
1.81287372667
1.66112302731
1.78880661121
1.8013795485
10
