1.1276112521
1.16601637749
1.08806973423
1.10411694098
1.15577533453
1.90326053233
1.96384659806
1.79632559237
1.88018377405
1.9254091951
1.87113506533
1.83616028518
1.90852900603
1.92630885953
1.8261231022
1.93212169297
1.95470132076
1.97794242647
1.84998371818
1.81528450666
1.87669244117
1.97790417742
1.87359746886
1.81772752751
1.8333778659
2.02087664525
1.96288857242
1.83511551531
1.82068971586
2.04636563747
1.22013495678
1.08631816536
1.08691608096
1.20190714842
1.09224889749
1.78840727705
2.0064504648
1.94083224838
1.76794518335
1.84585833452
1.89069120157
1.85581884982
1.89740002768
1.7925184092
2.0134838932
1.89910534277
1.89612045855
1.8497025274
1.76394580335
1.84489843167
1.79635719699
1.9477868602
1.85692901675
1.63917784623
1.88652931538
1.69606192732
1.78902576375
1.68081742013
1.83233622362
1.74618316455
1.12494444129
1.05807786599
1.11768060162
1.03769363971
1.23274385201
1.93336239372
1.90351740169
1.93544904992
1.87681871291
1.92553068062
1.86764949438
1.86804393176
1.85701224896
1.88037393367
1.9442178174
1.78091687093
1.93541282035
1.99151403046
1.90235827072
1.78921658099
1.76599883836
2.10337962768
1.90438133091
1.94769127322
1.84936306165
1.9512840584
1.85935529093
1.77921710215
1.91763386731
1.88209737836
1.20007058451
1.25229158639
1.19427478091
1.25294557489
1.19262531249
1.86079475043
1.93469935674
1.89445975011
1.81769888475
1.82181649516
1.85909554342
1.96384699986
1.81490342808
1.82638984961
1.85066128989
1.85716071124
1.82591531008
1.94116163459
1.94047605685
1.9255958841
1.82379120823
1.85230857532
1.82138219022
1.86190604039
1.66442250596
1.86156258588
1.84182846326
1.85620945929
1.9672411806
1.89809716942
1.12197530959
1.15515690346
0.942391719605
0.984600471752
1.06767254061
1.71274695963
1.82088163467
1.71199009292
1.89790510547
1.90548996524
1.80634298902
1.78408203768
1.9149420787
1.72099749806
1.87882434577
1.84467186045
1.79649129735
1.8870430304
1.93710744672
1.83066898476
1.70889436786
1.8885191347
1.54623456741
1.96881884902
1.74247089808
1.77610833087
1.61430077576
1.76700528583
1.81710186131
1.8283063781
0.885869252375
1.22558830572
1.01675127687
1.09187840204
1.08818351624
1.82348980008
1.82102979903
1.80824661917
1.81343626945
1.80788162347
1.52848338561
1.86901796322
1.77425610501
1.9272705839
1.91126140705
1.85867564918
1.91578619002
1.81234729691
1.85258273505
1.82585130483
1.73940938652
1.8259567186
1.84609613679
1.79702499565
1.70032949603
1.73780598135
1.80013958963
1.92497288544
1.85065548355
1.94025890816
1.04838713602
1.06967516857
1.05170244841
0.993461431931
1.18568557051
1.94085891579
1.70130667951
1.76481461289
1.76934019187
1.85022337816
1.80454152436
1.82408801328
1.77497136615
1.74687177112
1.76280736487
1.70505736188
2.02768974144
1.88307814546
1.673277897
1.81496872399
1.81521955468
1.89127759644
1.78245411298
1.90074906798
1.7762020769
1.81779595336
1.75128796657
1.70962599397
1.86230908334
1.78502691795
1.09797938226
1.13889062317
1.1403433763
1.23406217475
1.17099358054
1.80837463425
1.80997576966
1.89964292386
1.8160695485
1.9647134708
1.92360178254
1.9731119637
1.86686775984
1.85480731768
1.85015496687
1.64195720473
1.74347313605
1.75352802566
1.67131667
1.71909839631
1.66147023155
1.87936908111
1.66139956034
1.54522446739
1.79886977904
1.70323558743
1.78552152942
1.6715192366
1.80687426383
1.73000518235
1.13788517238
1.04905505957
1.15798248022
1.16330863054
1.08868434303
2.05335524206
1.86571805173
1.71445853763
2.00222932043
1.89803639766
1.88935663598
1.87868798228
1.91184104848
1.80956098324
1.86268447944
2.01830590631
1.77674060108
1.96598937043
1.94337964226
1.79770746334
1.96539860159
2.018141835
1.70051513616
1.88493656336
1.96406506486
1.98267350334
1.88823057105
1.92352274098
2.0891852641
1.92820609092
1.12576483753
0.907041123062
1.10057076929
1.23983407544
1.12658286733
1.85640668284
1.8059969081
1.98299178288
2.04498850096
1.79992018284
1.89941683101
2.05152078944
1.864928888
1.74457791337
1.81038999646
1.80900405915
1.94268409893
1.97895409768
1.89063354765
1.77085376361
1.88380925654
1.83010547447
1.95351507167
1.88860234663
1.89370027294
1.91646899203
1.71932789193
1.81797744646
1.79954482863
1.86739062376
1.23303636764
1.20345663524
1.17417297179
1.09019069543
1.08044733113
1.94843994308
1.77069773027
1.84104699162
1.87004978684
1.93592378399
2.0299464036
2.12995381065
1.89092271698
1.84482240862
1.75392680199
1.75415081515
1.97823096912
1.67733256611
1.72608081716
1.86340413386
1.97336867523
1.81686620818
1.69189042411
1.94993331015
1.75991067877
1.87670945528
1.86561617132
2.039668418
1.88664345557
1.73008325805
1.13625808469
1.07606098363
1.15767373818
1.16226239923
1.04525426324
1.87068022106
1.8272608625
1.95721367429
1.83113407671
1.82008003013
1.90011630535
1.86895500187
1.87065299495
1.83628114601
1.85366126434
1.96990885454
1.88783177526
1.7343880873
1.82116444199
1.94242851436
1.89359087032
2.1251953825
1.78724476398
1.77754299466
1.87692779238
1.76951773176
1.95423123177
1.88018776265
1.84401425174
1.85210959764
1.14200826363
1.28801939404
1.06267738356
1.05145023578
1.19855097217
1.35129645254
1.79554946954
1.67667154952
1.74044112561
1.93491725735
1.67680627577
1.81244925959
1.76781206441
1.95292988348
1.76614641904
1.97125540849
1.83589772552
1.69061735723
1.67408901457
1.81757302189
1.70467837687
1.76855179423
1.84612298634
1.7712805232
1.84634405409
1.88251534093
1.72398996
1.9346019694
1.72715992282
1.76539436729
1.23114736543
1.21649184453
1.13043023232
1.17295315001
1.10521352539
1.74533204192
1.88689237464
1.91500425513
1.73445219657
1.74229247388
1.78557450575
1.86181767018
1.92035012002
1.76396009055
1.87832982502
2.02038479404
1.96685964413
1.84647782837
1.92181807297
1.83985996634
1.84945157937
1.78151193185
1.89002027266
1.81612247822
1.89722827838
1.72562116181
1.87650725359
1.85135874856
1.80214462537
1.89843736686
1.28002206669
1.14690956057
1.2196850442
1.22967872151
1.13058802291
1.80302728019
1.60390461453
1.8656272062
1.75260174513
2.00605047467
1.88770816798
1.86774373484
1.73775315629
1.78334415395
1.82407573538
1.99893826119
1.86075646489
1.9321836618
1.78626635457
1.83249776055
1.81539638312
1.83234864345
1.75513347303
1.91155770082
1.77797863974
1.86239078086
1.65221367484
2.04161752902
1.76924475596
1.7880077896
0.0
1.09131480504
1.08137776549
1.24113958315
0.906073455118
1.75206882628
1.77686445572
1.79781171558
1.88683823953
1.88046407199
1.89368231822
1.98387364568
1.84981180804
1.80132234802
1.92982216843
1.8368554763
1.8676942281
1.79053925396
1.85936974234
1.83884588275
1.72591297569
1.92414837352
1.83151616262
1.95300448212
1.84412647276
1.70000106861
1.79221099909
1.75453661067
1.80359561258
1.82747682954
0.0
1.18610569426
1.1685940641
1.13762777168
1.29670957824
1.85423411283
1.93385767971
1.90857680824
1.82349947812
1.94036209087
1.76881886316
1.97850865375
2.03391442932
1.93667290105
1.9478268994
1.92647429126
1.91573873097
1.95389653148
1.73880955523
1.91081882536
1.9375469108
1.96218500449
1.87874891504
1.86786310068
1.87003440534
1.99633092606
1.68028711699
1.8255027901
1.91043683587
1.86791314988
1.83980565226
1.19503159252
1.31812943887
1.0257090817
1.20522838325
1.86814133633
1.78161265321
2.01744324559
2.01548176708
1.81821500693
1.83222371737
2.00996800624
1.80298914454
1.92727837604
1.79623737552
1.86196690657
1.94226909898
1.92005369678
1.78955789672
1.79221753185
1.76284154582
1.94847684895
1.904732515
1.90507081992
1.95675698049
1.81832071469
1.97296335977
1.77106741064
1.82793092305
1.83087380688
1.89692113944
1.22521176136
0.953758999424
1.05039686397
1.18996856762
1.89815724176
1.43160294159
1.85577708944
1.79184093512
1.81810521105
1.73684754519
1.90055031857
1.82120464836
1.72381557089
1.81357614184
1.67251137684
1.86071251263
1.88934031492
1.97277142953
1.81125081935
1.81724339929
1.91816811697
1.92442598201
1.92151933776
1.95830169029
1.78522954818
1.89544268956
1.79531373817
1.89340564983
2.05460285681
1.23529969558
1.18568420664
0.997268463785
1.0795629512
1.26074117638
1.98236104937
1.2012935557
1.82000753558
1.79614943548
1.78406065185
1.89608554073
1.9606202992
1.71638300264
2.01492418178
1.74815333751
1.94402615823
1.73703828422
1.77047493634
1.54334511239
1.8245361946
1.69534183656
1.87549087668
1.84739024764
1.97946956843
1.95393421905
1.84809739091
1.89752930303
1.97200411142
2.09608694546
1.9824564642
1.16742664093
1.33898824216
1.21506278529
1.28918210104
1.18654959248
1.93532082976
1.82444435041
1.51240260498
1.82039748307
1.72046379149
1.69618727338
1.78696281743
1.79718734437
1.7742693044
1.79355283657
1.7666566278
1.85910620253
1.9454982043
1.72523083933
1.92920142694
1.74388489993
1.91164953141
1.86541784208
1.92435601509
1.92970551077
1.80693619048
1.86505930264
1.67959754554
1.84098527441
1.84150916425
1.31435473615
1.2703236405
1.11099289404
1.24159362014
1.25588847932
1.86222383665
1.8717155327
1.86752943281
1.94714896469
1.78449587734
1.94259513437
1.92600852032
1.85290092972
1.76064893529
1.87372680316
1.89610147229
2.01492742285
1.92846337112
1.82278553529
1.91099159689
1.91993172901
1.78818329051
1.88383737637
1.85264924429
1.76669265481
1.88425679673
1.70123629446
1.81092222543
1.74759049207
1.67476710928
1.10984357404
1.07567272996
1.06547179189
1.14308818514
0.948369667259
1.85532803443
1.77764493376
1.67574787086
1.71802884662
1.75102196811
1.65783452635
1.63617855274
1.93847784063
1.92454967401
1.91783887283
1.84141771236
2.02708269038
1.93912458596
1.87866880748
1.85995086735
1.97944582784
1.96839177723
1.87751403738
1.94250107704
1.84894754131
1.89165852562
1.82602995386
1.91847070403
1.85811442636
1.78056517081
1.07675435444
1.163976446
1.11901755579
1.07226771693
1.13478683753
2.08299684497
1.92630919267
1.91302721038
1.89114555278
1.94915747949
1.80859618012
1.89340539998
1.90893113738
2.0023211864
1.77681020824
1.80276523291
1.83345590986
1.84660108172
1.82899538796
1.82807978524
1.8186663139
1.80370187484
1.94124695459
1.91637146777
1.80755869298
1.87741811719
1.87609977675
1.93353408599
1.83340985732
1.82965216168
0.948984626339
1.00395569882
1.14486367532
0.882438122841
0.987472539725
1.83337945739
1.84198547441
1.8083699462
1.92093850445
1.78763832163
1.88902590837
1.78270800088
1.75278432845
1.64250127418
1.80681942906
1.78195969765
1.97812277284
1.91041354503
2.03823121784
1.91300375842
1.9319798406
1.80858987731
1.87107727188
1.90643330261
1.98933091636
1.93582563302
1.840958977
1.99291003784
1.89894259102
1.93259890204
1.07295129749
1.26178328963
1.04209608289
1.10524100633
1.01986261859
1.64373375818
1.87468583323
1.97725161081
2.031543527
1.96002546784
1.98432198077
1.85205496359
1.80408921208
1.9629465982
1.9095136808
1.78505371873
1.77717333811
1.92550177515
1.76178597282
1.81303012323
1.64821585035
1.94342371538
1.7706642472
1.88027285085
1.93989860911
1.8840859398
1.92954163944
1.89274417937
1.83619246731
1.81141686189
1.24760920079
1.00335498968
1.15528533258
1.14350022844
1.06142272194
1.70982348882
1.86026304389
1.55653128254
1.68151845003
1.67934783608
1.64855038482
1.71831337309
1.75789560733
1.67036412619
1.68928303272
1.77003863292
1.60478170581
1.75837218533
1.75851068505
1.89725756488
1.97410737667
1.68743227065
1.82892952626
1.8063534697
1.99379117423
1.95427118492
1.80903677035
1.72971264849
1.80182050491
1.9919888877
1.01942270726
1.12836632655
1.19406250949
1.09662084614
1.16414196429
1.88706402387
1.86847372062
1.93209751025
1.63640664756
1.88951125606
2.04725210671
1.844735723
1.82502383936
1.77776516205
1.86742321633
2.00769162273
1.87192305057
1.84553944018
1.86520761524
1.74615599545
1.90823346139
1.84793944365
1.88843217413
2.00931657678
1.78741973228
1.83220196142
1.91652721081
1.70755095303
1.87847319982
1.80266617427
0.989998426145
1.22893567284
1.15754130798
1.05778894855
1.24959481483
1.82262842033
1.68550103583
1.7655506455
1.91003659501
1.71476320452
1.87868425753
1.93864360345
1.84913792218
1.77027954247
1.89998008862
1.88876131322
1.71250407632
1.62639866102
1.71643618053
1.88558420134
1.97077770041
1.82591872931
1.74899594762
1.81893905577
2.24187141351
2.17423833213
2.27186564557
2.18435863867
2.19121892582
2.29203841677
0.143991067759
0.0246260339425
0.0
0.0549301403521
0.116264662886
2.13691710965
2.13655967274
2.44564038306
2.22535929329
2.0834831204
1.74293497751
1.81577370894
1.85327844261
1.79505631031
1.74155075631
1.93207610833
1.87790275699
1.86171116957
1.91919764349
1.85190441312
1.85391923577
1.83556145698
1.69184512949
1.85795995441
1.75715208491
1.66890782325
1.94222693007
1.70885392427
1.76842313242
1.76398792421
1.18930378543
0.963080379774
1.0369371229
1.02592245354
1.10975446316
1.72079536217
1.63790508977
1.90644482011
1.79218494776
1.61818068885
1.72761998521
1.75574350159
1.87586820714
1.91712313699
1.82410576346
1.65728809974
1.75256172826
1.80664311278
1.8726443252
1.93780970857
2.06195046513
1.88526070137
1.85673741424
1.82376925153
1.81530347668
1.82653979133
1.7517740609
1.82796889356
1.69306046432
1.82576188493
1.32848858428
1.28927937115
1.09236609757
1.17989944414
1.16149496233
1.92842313243
2.0611719351
1.83140401038
1.94042064542
1.88087625914
1.87299882463
1.81525014697
1.67180952552
1.60117208142
1.84568432841
1.68200738976
1.78065966716
1.8095875031
1.64635390949
1.94036422855
1.56519942474
1.86410852767
1.87892713755
1.8547362739
1.8200308147
1.79044233077
1.78208895077
1.62152370506
1.79129109286
1.62548346236
1.07423931147
1.1290586807
1.13371739993
1.1658120338
1.24606291066
2.00589185144
1.8841376587
1.77645353953
1.9420738457
1.83304695359
1.78197788084
1.92882102477
1.78636885574
1.76234122641
1.84657014141
1.91590152559
1.69452328323
2.05678963834
1.92263883237
2.0372547774
1.93805099032
1.94284459376
1.97632341425
1.95796769268
1.80487684402
1.99410797529
1.90358171968
2.0532746717
1.94847047012
1.87058594829
1.18220149285
1.05630194503
1.18217480019
1.09289667416
1.2589288786
1.72017151428
1.80797168351
1.73429024935
2.0650839181
1.79058331356
1.88642509991
1.95279123905
1.83528350113
1.83686470657
1.77820957306
1.76243336947
1.96081888115
1.77129160789
1.83275126339
1.89864604557
1.79936078089
1.93731024022
2.00039676218
1.84272453936
2.04965517838
1.90532894437
1.8234362599
1.88640728293
1.86059620241
1.71467243897
1.13122852951
1.13625780048
1.14052727518
1.04424235211
1.29154631465
1.881636796
1.87006891498
1.84822037575
1.87309930655
1.87091348379
1.92818654085
1.93519423075
2.0382041711
1.95677944694
1.91842075699
1.93670921967
1.71166848187
1.84434029955
1.81892464339
1.7099953422
1.90768120827
1.71518611914
1.71571868904
1.88084354748
1.86376774729
1.81740740799
1.92392597228
1.83069316393
1.76660539767
1.94196214568
1.11288878802
1.26787590413
0.973306498606
1.26793308357
1.06437932371
1.92208009683
2.34476277947
2.38026965169
2.2499836122
1.78396142462
2.55785758733
2.37525859127
2.33191253638
2.51995743084
2.53668476507
2.22275414065
1.8706693081
1.93806919069
1.91157164907
2.3540966205
1.82271694459
1.99157593736
1.72819469159
1.69075093396
1.8111371737
1.79401968365
1.8167360363
1.66120673241
1.79196378229
1.8023078396
10
