0.0
0.0
0.0
0.0
1.15404611387
1.90527746294
1.96402887398
1.79565529807
1.87590566698
1.92616794561
1.86736458439
1.83465489959
1.90820322539
1.92771926932
1.82275682452
1.92949259207
1.95406415731
1.97806983748
1.84866666014
1.8148109868
1.876368244
1.97685507582
1.87556992268
1.81605172653
1.83452002669
2.01903620987
1.96221364989
1.83151890783
1.81801950429
2.04606631647
0.0
0.0
0.0
0.0
1.090904209
1.78499139974
2.0070745329
1.94163514304
1.76597231233
1.84673087722
1.89047350631
1.85592111139
1.89431912356
1.7924496521
2.01382676197
1.89827663146
1.89717209319
1.85031468916
1.76220759208
1.84471562349
1.79714384756
1.94655190433
1.85544005331
1.63641052296
1.88565248806
1.69391856155
1.78749745903
1.68051667262
1.83039389787
1.74255700934
0.0
0.0
0.0
0.0
1.23075561312
1.93464889367
1.90439515212
1.9338518512
1.87629467385
1.92613731317
1.86544284366
1.86592104356
1.85724932464
1.88033288974
1.94445732409
1.78198703568
1.93541988762
1.99077953885
1.90146157284
1.78925017581
1.76601676279
2.10463986284
1.90302121928
1.94672568958
1.85228934496
1.95202783611
1.85475997828
1.77919721634
1.91654842585
1.88285263738
0.0
0.0
0.0
0.0
1.19451630644
1.85800941528
1.93502030846
1.89298522968
1.81759990154
1.81683206132
1.85716972567
1.96400393599
1.81792029231
1.82684163615
1.85261086688
1.85917592125
1.82424939944
1.93825023658
1.94015454565
1.92335414864
1.82361469285
1.85220068552
1.82040653358
1.86116624708
1.66689236588
1.86185897225
1.84495044509
1.85509835628
1.96755933993
1.89711162463
0.0
0.0
0.0
0.0
1.06911668428
1.71263450003
1.81942787015
1.70887027712
1.89987219832
1.90771814398
1.80391890481
1.78586551312
1.91289767214
1.71923368537
1.87940839203
1.84608953305
1.79444173475
1.88520084437
1.9372017859
1.82852660718
1.70929959774
1.88921787121
1.5464171753
1.96638379578
1.74181413114
1.77915323815
1.61292926176
1.76927419159
1.81684741066
1.82672274941
0.0
0.0
0.0
0.0
1.08814606646
1.82542185238
1.81938853903
1.8090914394
1.81277075104
1.8090693436
1.52814599221
1.86712404704
1.77573605603
1.92658563511
1.91240012991
1.86024082444
1.91604507248
1.81209854379
1.85314702525
1.82284757207
1.73743630057
1.82606377778
1.84585974954
1.79685351951
1.70007202678
1.73768174951
1.80077280847
1.92563618268
1.8510650523
1.93889270405
0.0
0.0
0.0
0.0
1.18518677071
1.94087855938
1.7006736159
1.76690434053
1.77082775109
1.84769598774
1.80177152071
1.82431087247
1.77553229167
1.74654347197
1.76333624156
1.70572965409
2.03081306521
1.88486549644
1.67229320763
1.81601181612
1.81601938536
1.89361295869
1.78276715483
1.90096713684
1.77574217825
1.81871968105
1.75166716496
1.7122053656
1.8636135486
1.78403340696
0.0
0.0
0.0
0.0
1.16794940843
1.80804114329
1.81197671836
1.89966731112
1.81674861306
1.96444041287
1.92262217751
1.97271024635
1.86828277922
1.85472535132
1.84813462134
1.6420280374
1.74265321508
1.75086810008
1.66799419866
1.71909487134
1.66084093125
1.88077558807
1.66108002259
1.54173250377
1.79809346566
1.70487631419
1.78556325356
1.67097595321
1.80790770838
1.72990910956
0.0
0.0
0.0
0.0
1.08890227272
2.05199910236
1.86087723478
1.71344035246
1.99986806645
1.89659388651
1.88631485752
1.87606971574
1.90643325149
1.80643995137
1.86148684706
2.01728524967
1.7727363809
1.96087963082
1.94149958568
1.79461011421
1.96328458025
2.01513260046
1.69548417356
1.88019029367
1.96180600454
1.98100889298
1.88649089322
1.92104931999
2.08477101161
1.92585510322
0.0
0.0
0.0
0.0
1.12321789855
1.85510715265
1.80112707711
1.97920256206
2.04455536695
1.79635797927
1.89771837104
2.04995765401
1.86319227618
1.74596870036
1.80942800903
1.80619100549
1.94171701131
1.97597934052
1.88731226281
1.76888496829
1.8818916689
1.8272736809
1.95052514394
1.88730681598
1.89275218977
1.91365246056
1.71835109247
1.81611753724
1.79755949204
1.86481161797
0.0
0.0
0.0
0.0
1.08034779873
1.94614821536
1.77183999717
1.84070290189
1.86734745893
1.93357018193
2.02914016222
2.12906359154
1.89096602079
1.8441961624
1.75138052758
1.74949169865
1.97680295815
1.67236492142
1.72554907307
1.86179818541
1.97119551449
1.81401020982
1.69099332314
1.9473371916
1.7571557056
1.87620137009
1.86069162726
2.03607530349
1.88770754676
1.72629796617
0.0
0.0
0.0
0.0
1.04502633409
1.86812488996
1.82780038452
1.95802373992
1.83071385973
1.81648138821
1.89746286492
1.86641537013
1.86797691963
1.83485843202
1.84922353327
1.96515230975
1.88680457187
1.73348030544
1.81792671165
1.94210360274
1.89156516201
2.12626443352
1.78809960889
1.77471354078
1.87720935596
1.76933458519
1.95338536201
1.87976904802
1.84165194432
1.84897138532
0.0
0.0
0.0
0.0
1.1971362018
1.86626633484
1.79152193526
1.67716271871
1.73717325198
1.93173506891
1.67483136867
1.81017754385
1.76368380405
1.95369790927
1.76412806958
1.96865646221
1.83339845141
1.68717740061
1.67443548054
1.81637417076
1.70449604882
1.76706912737
1.84110252959
1.76931899194
1.84464698791
1.88382946217
1.72290876659
1.93032364917
1.72402716478
1.76330156706
0.0
0.0
0.0
0.0
1.10660895437
1.74306964588
1.88539111506
1.9139921067
1.73363465227
1.74103524338
1.78336227679
1.86290680408
1.9189580335
1.76333677459
1.87418515762
2.01575383832
1.96517053356
1.84292131054
1.92204297757
1.83694942666
1.84619415857
1.78074377909
1.88870885629
1.81463450541
1.89317076734
1.72348445729
1.87686615709
1.8533448291
1.80292250529
1.89599633851
0.0
0.0
0.0
0.0
1.1320115822
1.79875600657
1.79299028724
1.861631875
1.7528312857
2.00523359601
1.88500417998
1.8681157533
1.73795084509
1.78527694613
1.82277817421
1.99979550426
1.86186148186
1.93057168321
1.7815755171
1.82748777632
1.81144401172
1.82770677612
1.75084441247
1.90635173879
1.77703800459
1.85905322505
1.65101024168
2.03823382306
1.76643008199
1.78728010734
10.1096142812
0.0
0.0
0.0
0.912951440455
0.690804658079
1.77458341223
1.7948440702
1.881966762
1.87800844514
1.8923588748
1.98143480164
1.84956903666
1.80159773159
1.92782210801
1.83828212288
1.86329583219
1.7917376521
1.85738633957
1.83583094934
1.72327939252
1.92093953821
1.83131840214
1.95039665807
1.84211888575
1.70115066635
1.79346551421
1.75196312965
1.80079814081
1.82671293019
0.0
0.0
0.0
0.0
1.29779177376
1.85442421289
1.93504116252
1.90715800001
1.8240873352
1.94159915155
1.76662985207
1.97699788321
2.03421908101
1.93575789289
1.94666493036
1.92616151394
1.91396283222
1.95324418894
1.73756457156
1.90809738677
1.93769745352
1.96261540624
1.8797786522
1.8687219143
1.86739712051
1.99522408343
1.68178707594
1.82500456138
1.9099435306
1.86569462414
1.83927165896
0.0
0.0
0.0
1.20593752638
1.8683609339
1.78091722941
1.57380844829
2.01102481008
1.81798563271
1.83402787086
2.00912321475
1.80322243279
1.92433298686
1.79636532467
1.8628515104
1.94182312281
1.92004553042
1.78828785998
1.78944474937
1.75893246762
1.9487385271
1.90364083128
1.90568846319
1.95792505635
1.81976982487
1.97300235721
1.76854824783
1.82778409862
1.83307646272
1.89775715316
0.0
0.0
0.0
1.19223567776
1.90024851729
1.76432077466
1.85600868358
1.79191411284
1.8193461529
1.73622732737
1.90261361707
1.817507781
1.7224433944
1.81197884904
1.67202027749
1.86021079637
1.88877345404
1.97317408653
1.81084150881
1.81622558687
1.92005565704
1.92647481352
1.92340062313
1.95783850916
1.78460164619
1.89602697003
1.79194055047
1.89424544973
2.05488071431
0.0
0.0
0.0
0.0
1.26393515678
1.98376376736
0.351356584554
1.81937100959
1.79655565327
1.78343861152
1.89340974805
1.96367126052
1.71527188951
2.01527934989
1.7506338018
1.94591642259
1.74045185661
1.77072462596
1.54565380855
1.82425591608
1.69693172113
1.87426644864
1.84681381019
1.97879783177
1.95497897723
1.84478971054
1.89535149399
1.9715311214
2.09359154998
1.98155172712
0.0
0.0
0.0
0.0
1.18661509593
1.93438506767
1.82248365133
1.83912612775
1.82207553787
1.7211378674
1.69644648759
1.78731119896
1.79706374845
1.7741015794
1.79342672494
1.76351663464
1.85868813971
1.94339637382
1.72447707773
1.92944455133
1.74363519145
1.91025655283
1.86749241504
1.92116571207
1.92774121834
1.80799977542
1.86438820882
1.67865885047
1.84068746259
1.84205930458
0.0
0.0
0.0
0.0
1.25583959241
1.8632256391
1.87918749078
1.86758763677
1.94862081959
1.78751527564
1.94423614047
1.92530253727
1.85546037457
1.76116382613
1.87473052671
1.8986433523
2.01289674541
1.92860548037
1.82192233983
1.91134009868
1.9232983334
1.78807219766
1.88482159175
1.85327651172
1.76694007648
1.88412280379
1.69772445679
1.8096713285
1.7466355574
1.67261716958
0.0
0.0
0.0
0.0
0.945958121164
1.70491600246
1.77862300877
1.67469676971
1.7159142454
1.7488596058
1.65776443994
1.63654507185
1.93990235264
1.92500888108
1.91699262636
1.8422100184
2.02583091619
1.93853472677
1.88055143962
1.85960822837
1.97843782294
1.97009934932
1.87968541602
1.94123610123
1.84719320511
1.89181309823
1.8294907256
1.9169133702
1.85712217525
1.78086841415
0.0
0.0
0.0
0.0
1.1345865945
2.08324576987
1.92473042307
1.91516718728
1.89103835972
1.94637978697
1.80649490213
1.89394827234
1.90787063789
2.00087370704
1.77699794019
1.8049269787
1.83155379256
1.84797769821
1.82869646238
1.82896772106
1.81798612829
1.80293114825
1.93847387067
1.91746872293
1.80754034612
1.87946419864
1.87698454318
1.93159077627
1.83356345143
1.8302537324
0.0
0.0
0.0
0.0
0.98427827999
0.693175252527
1.83733564753
1.80538686837
1.92062703472
1.78929729432
1.88584307779
1.77731337901
1.74814267375
1.64060211201
1.80562216336
1.77948017683
1.97960032162
1.90834735164
2.03820080753
1.90962156266
1.92753413403
1.80838277698
1.86869237989
1.90451615006
1.99187759947
1.93653754951
1.83852828701
1.99020364543
1.89808092532
1.93222323296
0.0
0.0
0.0
0.0
1.02001286859
1.64796252669
1.87248023922
1.97603741831
2.02919403407
1.95947457215
1.98288091461
1.85029611493
1.80465207028
1.96093434233
1.9055275664
1.78410270008
1.77440064593
1.92359305297
1.7593364928
1.81233969737
1.64690017928
1.94047500836
1.76885735164
1.87864929762
1.93816081647
1.88102688463
1.9289825743
1.88995164635
1.83448658734
1.81012285379
0.0
0.0
0.0
0.0
1.05938581971
1.70892133002
1.85811325899
1.5553436012
1.68105892748
1.67506884716
1.64626460648
1.71757347765
1.75661517632
1.66996599121
1.68728433154
1.76936343761
1.60466894891
1.75734828864
1.75620149412
1.8941851208
1.97659518242
1.68709025139
1.83135964929
1.80515538211
1.99177416541
1.95354152813
1.80560613499
1.72984851282
1.79987220196
1.99334924008
0.0
0.0
0.0
0.0
1.15995350923
1.88437308512
1.87152137728
1.93323342976
1.63745590679
1.89028877698
2.04801792393
1.84625876315
1.82305192445
1.77762029991
1.86440487025
2.0078915808
1.86905517386
1.84472596466
1.86399242456
1.74594521177
1.9097914403
1.84877780198
1.88606589844
2.00944128856
1.7863972706
1.83112880268
1.91610712824
1.70516021122
1.87881325624
1.80203000871
0.0
0.0
0.0
0.0
1.24905130677
0.609534626688
1.68318836064
1.76181684472
1.90816391319
1.71389780232
1.87995260661
1.93890474349
1.84937539113
1.76849688041
1.90113342525
1.88964643137
1.7096764559
1.62670571378
1.7165953718
1.88514256971
1.97054919665
1.82284894919
1.74868715534
1.82157157459
2.23898086506
2.17211977466
2.2740556555
2.18767115638
2.19047932317
2.29232738485
0.0
0.0
0.0
0.0
0.112821462964
1.11618961652
2.13648405125
2.44304930593
2.22290265376
2.08326976076
1.74549136819
1.81528586704
1.85240086854
1.79339861922
1.74086619673
1.93167471808
1.87653597611
1.86011430238
1.91869372977
1.84985753158
1.85583646413
1.83629775638
1.69119992355
1.85735326497
1.75662374758
1.66850082249
1.94128993943
1.70580645295
1.76846957987
1.76181553449
0.0
0.0
0.0
0.0
1.10743705743
1.72015853907
1.63692961284
1.90656356845
1.79072002629
1.61734522698
1.72383306167
1.75790677568
1.87417677147
1.9167552678
1.82087537736
1.65615176273
1.75154200546
1.80542635947
1.86852809405
1.93818240613
2.05779721605
1.88470847611
1.85872840703
1.82245103255
1.81369151251
1.82654761029
1.75154266646
1.82750773999
1.69442946946
1.8240670901
0.0
0.0
0.0
0.0
1.1594358055
1.9273029255
2.06086610061
1.83143152961
1.94098040132
1.87984879913
1.87128130502
1.81447100703
1.67020838602
1.6008084365
1.8448155762
1.68302293229
1.77804617556
1.81157803449
1.64526458838
1.9389338546
1.5637607073
1.86192397064
1.87529732894
1.85414239647
1.81925483538
1.79349917127
1.78205606107
1.62161923717
1.79351265451
1.62306175084
0.0
0.0
0.0
0.0
1.24496728324
2.00421950981
1.88263451788
1.77599424594
1.93924074938
1.83032505219
1.77964065242
1.92903672017
1.78612940105
1.75851436283
1.84534385008
1.9138395828
1.69252845047
2.05374141344
1.92216072457
2.0364775619
1.93720893804
1.94298110795
1.97767840662
1.95813257388
1.80493624478
1.99027597261
1.9023896844
2.05279479455
1.94920205875
1.86890856602
0.0
0.0
0.0
0.0
1.25773216538
1.71594724152
1.80942426928
1.73184147641
2.06307077244
1.79317101878
1.88697897367
1.95635569205
1.83506731697
1.83544661211
1.77777392027
1.76508537473
1.9593984805
1.76795133178
1.83323477473
1.89934719672
1.80114635395
1.93893235675
2.00143698526
1.84536347726
2.04748997325
1.90475586673
1.82254249114
1.88800551437
1.85784556655
1.71621281991
0.0
0.0
0.0
0.0
1.29112466703
1.88176093956
1.86938786582
1.8486039694
1.8725357542
1.87247171668
1.92882140423
1.93572938563
2.03640941202
1.9595971941
1.91734425908
1.93477671196
1.71220753566
1.84635622478
1.81960561142
1.7064408948
1.9081450024
1.71630721203
1.71444507111
1.88055993731
1.86550990598
1.81649041421
1.92844495298
1.83293893088
1.76973895849
1.94452962025
0.0
0.0
0.0
0.0
1.06123998783
1.91815729063
2.34701678035
2.37958953862
2.25562775282
1.78584269842
2.55948374808
2.3791994608
2.33389848924
2.5204012559
2.53683199376
2.22923810565
1.8689431244
1.94073321051
1.91352883643
2.35764032469
1.82721231252
1.99205653705
1.73085052337
1.68899918526
1.81099928864
1.79633942149
1.81641102191
1.6633711478
1.79220850226
1.80515168427
10
