1.12580976374
1.21987529256
1.13740934881
1.15614226118
1.83143664714
1.90190811453
1.9624859771
1.79352904615
1.87385583765
1.92329571736
1.86902746834
1.83272466406
1.90712822085
1.92825747677
1.82021432306
1.93004894249
1.95528784661
1.97694217506
1.84896584579
1.81236457648
1.87194502651
1.97603997387
1.8718764731
1.81555492131
1.82954727027
2.01829342689
1.96068242037
1.8310777213
1.81842464722
2.04546337568
1.21741513079
1.13787047307
1.13604358577
1.25328081018
1.73811378106
1.78653642286
2.00382136512
1.93847866338
1.76141399814
1.84229926554
1.88772708717
1.853487333
1.89498437882
1.78735617923
2.00875122518
1.8946517786
1.89426934034
1.84763694375
1.75938763298
1.84587369651
1.79632960033
1.9422564109
1.85098783409
1.63556405446
1.88437230207
1.69310059644
1.78297073419
1.67771074176
1.83007994784
1.73650839503
1.11982852679
1.10195878998
1.16807754956
1.08733667966
1.877752617
1.93049081069
1.90396557809
1.93161449557
1.87277696266
1.92147782767
1.86395811555
1.86461103458
1.85503434933
1.87951795337
1.94334085842
1.77895216939
1.93095201706
1.98920588246
1.89900831516
1.78879365038
1.76529478247
2.09912611066
1.90169495124
1.9458571055
1.84832386636
1.94661701863
1.85242480995
1.78079161238
1.91268417939
1.8788860893
1.19430316412
1.30082025051
1.24419686834
1.30161525891
1.85556345977
1.85704178451
1.93203182792
1.89357771993
1.81443391772
1.81569818137
1.85330636571
1.95980080764
1.81469970774
1.82508886837
1.8492263481
1.85384536212
1.82582514842
1.93595351037
1.93512963384
1.92098866596
1.8193390084
1.85128182692
1.81646109039
1.86086352594
1.6646004221
1.86341728251
1.843297331
1.85348495109
1.96841330913
1.8970099668
1.12121855998
1.20515692381
0.995588502552
1.03152222974
1.69009640653
1.7113117789
1.81902139489
1.70697765672
1.89693675497
1.90649009975
1.80514713284
1.78498752973
1.91014808223
1.71738658586
1.87855819158
1.84469371303
1.79485813357
1.88305480593
1.93615070771
1.82528754939
1.70689949735
1.88715796049
1.54666017095
1.9654150034
1.74129051012
1.77805182058
1.61198910197
1.76451091896
1.81381153068
1.82653414266
0.880685734709
1.27290175027
1.06945589624
1.13987457781
1.76763121708
1.8187137531
1.81812308131
1.81008654668
1.81107452731
1.80706405384
1.52524415996
1.86640254026
1.77369339352
1.92271115121
1.90754954761
1.8567085028
1.91090876833
1.81028203052
1.84795645047
1.82100693334
1.73269338346
1.82209167085
1.84323127072
1.79394119479
1.69242252245
1.73557153177
1.79950421412
1.92433918201
1.84744045658
1.93565055182
1.03914761098
1.11752879747
1.10242718146
1.04444763199
1.83280965405
1.93736007358
1.6963596389
1.76107090115
1.76430267192
1.8475279769
1.79656997786
1.82142914548
1.77260055272
1.74150201567
1.75980349288
1.70456911833
2.02610968882
1.88054403316
1.66909556059
1.81774554123
1.81464852516
1.88965816939
1.78167046713
1.89643038293
1.77359739408
1.81576730825
1.7482240795
1.70998395639
1.86106779451
1.78193654671
1.09728922856
1.18790634479
1.19120467572
1.28449980369
1.8383307115
1.81047721906
1.80953219905
1.89686697345
1.81493739772
1.96432910628
1.92101907273
1.96944550837
1.86737131711
1.85049313215
1.84754467685
1.64047266498
1.73943927411
1.74817875086
1.66430538813
1.71621338142
1.66042690981
1.8776164253
1.65743911253
1.54019565974
1.79506034232
1.70289237974
1.78581407059
1.66611445206
1.80617007811
1.72540008675
1.13092333673
1.1036340196
1.20953061299
1.21219597925
1.73789943397
2.05322679067
1.86112033457
1.71177396881
1.99591506944
1.89398325697
1.88173545495
1.87447877001
1.90552033707
1.80295549717
1.85938784369
2.01725578311
1.772500846
1.9601180756
1.94107914064
1.79209913214
1.95840262898
2.01372714857
1.69322525095
1.88041761295
1.95454611759
1.97573674681
1.88249495516
1.91442856513
2.07891170534
1.93093649956
1.12266415716
0.963180426784
1.15242340497
1.29095631565
1.82458295598
1.85202250528
1.8022500284
1.98055557441
2.04437086077
1.79541558337
1.89573225851
2.04983114607
1.86154432152
1.74174302706
1.80825224519
1.80545757946
1.93858498885
1.97370717564
1.88854924851
1.76943265152
1.88169623828
1.82923114531
1.95102114087
1.885555081
1.89132874083
1.91411079599
1.71790516006
1.81331483792
1.79844281469
1.86493430998
1.23075157179
1.25776541296
1.22465430142
1.13753068553
1.73181314561
1.93155664838
1.7739621931
1.84057358034
1.86919321087
1.93403687589
2.02897301262
2.12857005668
1.88986663901
1.84336341136
1.75295928424
1.74811339424
1.97648484434
1.67113622299
1.72177685231
1.85976393825
1.97141414901
1.81566253813
1.68871368338
1.94931133027
1.75492834335
1.8751049114
1.86336575011
2.03675659089
1.88611900404
1.72648657654
1.13413610737
1.12431481513
1.20778463912
1.21554608218
1.70955043467
1.86480964797
1.82528160945
1.9529336897
1.82988606578
1.81451681422
1.89755412038
1.86437785871
1.86768118591
1.83313211051
1.84977095981
1.96574788682
1.88431783276
1.73234777351
1.81840496524
1.93912689322
1.89014560798
2.12201356388
1.78464086612
1.77427372618
1.8757110857
1.76754162236
1.95285774572
1.87685399407
1.84052980975
1.84769146457
1.14127117877
1.33815182684
1.11306769731
1.1001482616
1.86057587626
1.87461739201
1.79300479764
1.67376599244
1.7397152581
1.93416210054
1.67351818532
1.8100560897
1.76261721154
1.9511901756
1.75952324998
1.96972399675
1.83281678299
1.68681320057
1.67507260118
1.81189991317
1.70380445896
1.76568644494
1.84227793793
1.76846858741
1.84304828442
1.88303890079
1.72068711741
1.93195867286
1.72146045829
1.76178093828
1.23085920215
1.26612943876
1.179754503
1.22611185472
1.79385126447
1.7418633794
1.88405806878
1.91139321828
1.73085583757
1.73884052709
1.78213892653
1.8605200741
1.91950230105
1.76376090542
1.87425559897
2.01704022163
1.96585089608
1.84425471921
1.92024349902
1.83753244599
1.84832121822
1.78098895822
1.88746854053
1.81488306091
1.89456350726
1.72403953153
1.87526379555
1.85099038215
1.80096564205
1.89215942142
1.2771746762
1.19614858321
1.26884249603
1.28012040284
1.77278258109
1.84022446662
1.79073328966
1.86064644098
1.75193772833
2.00385554466
1.8839029173
1.8628794484
1.73213684868
1.78131873872
1.81836341695
1.99549694947
1.85750874302
1.92848300369
1.77937601306
1.82728897481
1.81062403465
1.82841925702
1.74547220889
1.90315242534
1.77268429826
1.90204665586
1.64716307091
2.03639152952
1.76437583373
1.78606103845
1.88604544988
1.13629209063
1.1262928269
1.29549406372
0.0
1.77335979615
1.79419168275
1.79301315906
1.87998672666
1.8752842725
1.88894790919
1.97496058146
1.84426597812
1.79825168449
1.92717226039
1.83428977362
1.86434821082
1.78840921376
1.85852684143
1.83550847642
1.72278261088
1.92170390276
1.82826665366
1.95150013483
1.84170619266
1.69655584308
1.78839355747
1.75556894766
1.7989671738
1.8223773948
1.90670019936
1.23831723246
1.2210328289
1.19031954918
1.98966392691
1.87460940494
1.9285329036
1.90289592411
1.81720985487
1.93827749115
1.76244975902
1.97050958546
2.02793942067
1.92676213974
1.93935925772
1.91943547666
1.91218955793
1.95027773515
1.7340009511
1.90572114278
1.93186142231
1.95984680704
1.87137066613
1.86353957381
1.86266532511
1.99101222027
1.674556861
1.82350432801
1.90506509792
1.8626316317
1.80899842536
1.24329153473
1.36638087086
1.07579197057
1.81478886199
1.93145866285
1.77390783238
2.01610535313
2.00823382876
1.8110903855
1.82644884114
2.00797839901
1.79634860643
1.92023581816
1.79269891066
1.85737459341
1.93770727627
1.9170171035
1.78413581386
1.78732130664
1.75473466852
1.94530551106
1.89646920298
1.89876941421
1.95249905668
1.81246353703
1.968434057
1.7622302836
1.82473015833
1.8256553725
1.91910111509
1.27405428766
1.0002934029
1.09659137595
1.82495210771
1.85730938193
1.75927041117
1.8479911878
1.78743455522
1.8133416121
1.72847266393
1.90043125706
1.8131668948
1.71427453696
1.81028812128
1.66416344267
1.85436481486
1.8841243464
1.96940525953
1.80574561133
1.81404154901
1.91935627484
1.92148904641
1.91805920227
1.95584928656
1.77838653811
1.89026110849
1.79023454208
1.89021067488
2.05266390875
1.23064406257
1.23065136019
1.04884989386
1.12852371316
1.92095108687
1.9365466957
1.88912610432
1.81527568907
1.79288693171
1.77747069819
1.8905137669
1.95998474575
1.71107553722
2.01077796807
1.744686085
1.93912657052
1.73646435373
1.76805738947
1.53693012298
1.81564705848
1.69164558596
1.87183333431
1.84267154262
1.97613265459
1.95074000166
1.84403252963
1.89017356564
1.97021039504
2.09037685889
1.97686023894
1.16243107011
1.38658014983
1.26637225698
1.34094320676
1.78671429541
1.95984942577
1.76952755142
1.8461476346
1.81918609895
1.71533783051
1.69276588334
1.78354021466
1.79138720801
1.76647552695
1.78721388665
1.76234993214
1.85469466477
1.93782606073
1.71938261439
1.9219266292
1.73675487504
1.90291925812
1.85876398299
1.91866231109
1.92449566938
1.81195273093
1.86359239108
1.6779781673
1.83660816134
1.83941624432
1.30955931254
1.31473127232
1.15892313627
1.29019208771
1.91293973539
1.88220712936
1.87578742317
1.86485499882
1.94324044198
1.78108934613
1.94122842935
1.92346391134
1.85248618092
1.75584661008
1.8719189447
1.89455947389
2.00569627161
1.92546198102
1.81718082457
1.9077731081
1.91757847612
1.78464970217
1.8821321697
1.85078345026
1.76303578322
1.87866766329
1.69407812593
1.80647491338
1.74332647411
1.66682707057
1.10384676737
1.1211727562
1.11461352208
1.18991061458
1.63935873544
1.86810533049
1.75270029766
1.66997795255
1.71020084674
1.74411869964
1.65150820417
1.63164466615
1.93528928802
1.92169266849
1.91636821087
1.8398588149
2.02323759291
1.93635583309
1.87796354121
1.85837467561
1.97526068144
1.97024092676
1.874359481
1.93542770292
1.84522339847
1.88945882673
1.82252219434
1.91388455632
1.85613540689
1.78071229291
1.07400936046
1.21271501662
1.16673912004
1.12117908093
1.76111239554
2.07532836181
1.91833181603
1.9120142754
1.88754140806
1.94080740984
1.80388010851
1.88714019914
1.90308792485
1.99341204324
1.76689565372
1.79977066544
1.83029743866
1.84036793533
1.82345235594
1.82294330009
1.81433477149
1.79544457854
1.93447230615
1.91314890784
1.80278684207
1.90317033175
1.86963196279
1.92779977955
1.83080413151
1.82670657948
0.943876397623
1.05212515375
1.19288263041
0.932635754672
1.62364878477
1.86486080674
1.83309041251
1.80223480848
1.91606353967
1.78397875996
1.88187511282
1.77017553271
1.7447297513
1.63574672311
1.8027537363
1.7771392463
1.97485485914
1.90680878366
2.03553289689
1.90795352976
1.92386585705
1.8050772411
1.86378605303
1.90114872589
1.98835591985
1.97232270064
1.83675309884
1.98867406739
1.89405852117
1.9310967922
1.06933263982
1.31202342366
1.09053231168
1.15506655232
1.70833357339
1.64817761316
1.87064384782
1.97052431759
2.0247011427
1.95672159877
1.97731347636
1.84593494833
1.79975739388
1.95644710208
1.900674594
1.77738010447
1.76768731136
1.91472676893
1.75498164959
1.80804053659
1.64286373102
1.93701681028
1.76489105968
1.87679829139
1.93592748612
1.87747410733
1.9223728443
1.88442867346
1.82978766898
1.80403921889
1.2388858345
1.04994708496
1.19816617296
1.18984864091
1.72840024574
1.70014054
1.85628835182
1.54946521354
1.6755746801
1.67046401288
1.64414336948
1.71330916059
1.75207355368
1.66231229466
1.6814306615
1.76108179429
1.59440574864
1.75020212226
1.75091074834
1.89112366779
1.97405233857
1.6816273782
1.82716131853
1.80269482831
1.98647477655
1.94940396363
1.80043158231
1.72347429757
1.79790304495
1.98774964316
1.01573731824
1.17325831687
1.2383375432
1.14491505391
1.82650499688
1.89525942243
1.86662955637
1.93246032254
1.63523986567
1.88729833049
2.04362721984
1.84505078861
1.82249809295
1.77295719775
1.85895583402
2.00335396275
1.86621267364
1.84181907626
1.86307334977
1.74011906669
1.90528040654
1.8435627984
1.88173453982
2.00521303678
1.78093872367
1.82682905124
1.91103483281
1.70110459818
1.8738961293
1.7967983658
0.984494823418
1.27588325165
1.20314510093
1.10266413929
1.87394409986
1.79910651842
1.68029780397
1.75837993041
1.90168298252
1.70436538245
1.87462888353
1.93056330426
1.842702551
1.76188019339
1.89035795992
1.8823704072
1.70361474531
1.62130151883
1.71052252292
1.88074592698
1.96333925259
1.81996008901
1.74403269113
1.81172719115
2.23298851513
2.16837640467
2.26650969623
2.18023275654
2.18708408938
2.28674134016
0.141378978842
0.212560869551
0.149065602564
0.239554385407
2.14110456756
2.18010688515
2.1285258579
2.44214536849
2.2132511406
2.07481008167
1.73774286268
1.81141493822
1.84757292396
1.78842312317
1.73595262003
1.92507252527
1.87253166362
1.85561964329
1.91141196203
1.84617839477
1.84857435523
1.83219825338
1.6831483469
1.85125954747
1.75059332968
1.65982887796
1.93240511191
1.7026892358
1.76317192087
1.75363342587
1.18164785793
1.00521908544
1.08215475652
1.07075403599
1.75095032394
1.71444220195
1.63184706538
1.90238032602
1.78637284248
1.61192325681
1.71750423491
1.75094332764
1.86800023515
1.90934979586
1.81393458839
1.65150377006
1.74965474196
1.8020314721
1.86258113043
1.93149701599
2.05299919289
1.87754650536
1.85159904214
1.81616022703
1.80952626793
1.8223682956
1.7416718939
1.82217033844
1.68807947047
1.8215594486
1.32610588786
1.33858856134
1.13809753807
1.22442410473
1.79005449056
1.92173074678
2.0533641084
1.8267320853
1.93708858908
1.87692233686
1.86836096368
1.81183537736
1.66274228833
1.59623129464
1.84009504604
1.67251710101
1.77228089056
1.80367526557
1.63994488095
1.93518108469
1.55573137234
1.8575337231
1.86561268072
1.85070145958
1.81110030917
1.78612921084
1.77183522554
1.61561751297
1.784942017
1.61762114897
1.06532294601
1.18001386447
1.18307397813
1.21560455595
1.93825494501
1.99815106257
1.87786768085
1.77044356262
1.93621689705
1.82645778284
1.77451521637
1.92586167553
1.78298494108
1.75024387516
1.84235377146
1.90886264884
1.68403804733
2.05022897517
1.91690002689
2.03550283915
1.92914584348
1.9352684939
1.97105460463
1.95488107201
1.79879293557
1.98768742967
1.89541544223
2.04806708839
1.94242764105
1.86577213517
1.17574868684
1.10600067858
1.22742602232
1.1371469183
1.9267954593
1.71415553162
1.80258885653
1.7247697599
2.05342247715
1.77913270761
1.87729966052
1.94522652267
1.83076084982
1.82960315918
1.7680353944
1.75516124856
1.94965045731
1.76143331817
1.82779572362
1.89459898601
1.79569642661
1.93236453737
1.99991048898
1.84064807648
2.04502969518
1.90321262785
1.82069263036
1.88618913661
1.85568883951
1.70810090792
1.12147933557
1.18504864215
1.190257448
1.09143525506
1.95684782336
1.87708916116
1.86640363874
1.83956627517
1.87288192186
1.86515941697
1.92281740853
1.93332381098
2.0328060988
1.95369684386
1.91699220487
1.9300270977
1.7091238171
1.84250208578
1.81125553889
1.70138831181
1.90909413707
1.71137966251
1.71345521417
1.87952446174
1.8632624937
1.80858654363
1.91961548802
1.82937514234
1.76140332541
1.93895902726
1.10781120158
1.31959861266
1.02097094027
1.31878690889
1.74851192568
1.91564709623
2.34290505491
2.37606671354
2.24992655205
1.78160768756
2.5524942451
2.37779276069
2.33135775267
2.51664923628
2.53340790154
2.22135185042
1.86678665601
1.93745407703
1.90675700825
2.35453381004
1.81721328643
1.98620464123
1.72358241067
1.68491219437
1.80976784541
1.79098251168
1.80927642087
1.6572554595
1.78490120892
1.79817119145
10
