1.18200397548
1.22057667945
1.13544433328
1.15685310085
1.14806581612
1.2183151215
1.2934137465
1.1208984909
1.20651396347
1.23003765088
1.22511683415
1.14334403019
1.2341419895
1.25541547785
1.13428951214
1.27984764826
1.27571361153
1.26949250622
1.16784274096
1.13519012889
1.20641390608
1.26880513964
1.23409752693
1.19428333484
1.14674749047
1.32341557746
1.13899956438
1.17493227986
1.13402371082
1.361709387
1.27243703866
1.14231676907
1.13719391347
1.25175673562
1.08619479895
1.11790960825
1.30948836819
1.26074664346
1.10093798229
1.1713989409
1.24650706066
1.20365909248
1.23221240265
1.10118689423
1.31369728265
1.22562456971
1.2228544488
1.17949258266
1.06958548971
1.18310398511
1.13392741338
1.11642468415
1.18058808693
0.958717084535
1.19813848228
1.03314166356
1.14725285468
0.99371460046
1.17261250111
1.05886436228
1.17147727774
1.10192649108
1.16515588739
1.08634620963
1.23207217916
1.26612579146
1.24022833482
1.24672897549
1.19977377391
1.25382891782
1.21361328561
1.1798367316
1.19347279125
1.23427805563
1.24557627883
1.11523461023
1.30460864426
1.32452288082
1.21905073712
1.10750768584
1.12719612678
1.24480365449
1.20088973747
1.22166229092
1.22045420438
1.31450043487
1.17515420535
1.14286877087
1.25791082234
1.19173041143
1.25980644757
1.29559360318
1.24112525222
1.30087009928
1.189521312
1.1999849146
1.27964860901
1.20608231768
1.16320831876
1.17494771493
1.17664348922
1.30027198191
1.21369419078
1.14141998421
1.18458774404
1.22084746366
1.20751580665
1.31045825945
1.24958200335
1.25068934428
1.17466246644
1.20367976097
1.16337205565
1.18327715576
1.03331721011
1.20558523782
1.15896740713
1.18457737552
1.30346046998
1.23698624383
1.17127182348
1.20601518418
1.00642651175
1.02717471012
1.07156793392
1.02090331007
1.1557098213
1.03944282874
1.22741348437
1.2276774288
1.12271171082
1.12423489587
1.26032661732
1.04507159331
1.23344926888
1.15317501776
1.10838819026
1.2531447283
1.31017250379
1.14956757917
1.08373122315
1.20911182886
0.884531213199
1.31192223881
1.06748446194
1.13143817451
0.984218624506
1.09834176755
1.13896644753
1.16388888294
0.933301299806
1.27497586994
1.06398229301
1.13722566194
1.08760149016
1.16608870649
1.19384357941
1.15869749205
1.14991614444
1.12919515752
0.8518773786
1.22964141893
1.1018594138
1.25039727243
1.24803302025
1.19024369787
1.26410336718
1.11887567728
1.16265012548
1.18550559505
1.07938969476
1.16762798712
1.20318076114
1.11139969109
0.992191507506
1.06366369413
1.14922408814
1.23346463248
1.15748861287
1.23810999323
1.0887387856
1.11502821555
1.10345404055
1.0458620222
1.18093324968
1.32663394249
1.06537523485
1.13792231222
1.04716593673
1.19324038265
1.11048767509
1.17639574631
1.12170974235
1.10242213825
1.13003006673
1.04111055209
1.37522661586
1.25096974649
1.02075696174
1.15415616777
1.14162365334
1.24375325575
1.12811258745
1.23070004561
1.08004974615
1.16947524251
1.07154809412
1.08166089342
1.19056012365
1.10754071138
1.14936259155
1.18579465463
1.18143883324
1.28533730269
1.17072968523
1.13567947743
1.16608780104
1.21086592034
1.17873997046
1.26743951222
1.27248810432
1.28851770153
1.22112380362
1.19093638889
1.18569067186
0.960393260178
1.05872370797
1.04251794096
0.998563954675
1.06224948666
1.01450612449
1.24638617733
1.03619418099
0.897993572041
1.15419180429
1.02014341453
1.12031758428
1.02086770141
1.14117525374
1.07845038899
1.18670222689
1.10185540006
1.21029909819
1.21669634427
1.08735330106
1.38135616752
1.20561245324
1.0363044164
1.33795648002
1.2131166199
1.21916934767
1.22146915222
1.22390739696
1.13187157188
1.20510795868
1.30420872947
1.11289183716
1.30751761634
1.26199291228
1.09985212566
1.22683880831
1.3524963552
1.06988897005
1.21059159714
1.23950425344
1.27908317127
1.19272258007
1.28772861342
1.43307900846
1.24701010404
1.17753856781
0.972120915229
1.15458591411
1.29422239956
1.12255482058
1.17874196356
1.14886669936
1.31885396127
1.38268607067
1.13949635166
1.24600320798
1.38182899053
1.1893579056
1.11377939946
1.13723501727
1.15157797822
1.21616866436
1.30052557817
1.18902088449
1.06713576646
1.23106203307
1.18294486867
1.31030526547
1.25578163434
1.25443398568
1.25756708822
1.10548690226
1.14770507147
1.13035992212
1.18997084925
1.28283528455
1.25764122351
1.2256726381
1.13734859223
1.08391491742
1.29146879753
1.06041831536
1.18135384379
1.23018985054
1.25874105599
1.33977399847
1.46745709151
1.19929823834
1.18498182934
1.14674879158
1.0861492143
1.27298326462
0.996328060163
1.03806685252
1.22613550583
1.25455130412
1.13735200163
1.06250123185
1.26718111515
1.11967667858
1.21771216788
1.2119451577
1.36688113297
1.24325024397
1.0464429094
1.18957415507
1.12477167006
1.2104222009
1.2121542676
1.04442018703
1.19934895593
1.16684858258
1.30197880239
1.17322899832
1.16975571048
1.23708180969
1.18332024796
1.20124171925
1.19141075167
1.15579438581
1.33123150823
1.26878833614
1.07341459279
1.12809292821
1.28435261621
1.23210309285
1.47207053903
1.16165522842
1.12272607314
1.21809010295
1.11129036758
1.30148669771
1.24343919327
1.18483585643
1.16250544686
1.19451002393
1.33983581597
1.11449039421
1.10031822614
1.19734283076
1.22536068848
1.14221609839
1.01606019982
1.08334275162
1.2844551584
1.05701574109
1.15014064112
1.10058392505
1.27755820161
1.12885413039
1.31908026056
1.19651042191
1.05312889863
1.01528528622
1.19764750493
1.05340628002
1.10055760225
1.2042266515
1.13204030204
1.20513266506
1.23775863635
1.0623327384
1.23867765697
1.00881904059
1.08314262477
1.28284506763
1.26603264517
1.1827795091
1.22364253836
1.10037048939
1.05914672502
1.24948281559
1.24819939931
1.09478224027
1.07188333342
1.18108650545
1.18864076903
1.25024437803
1.12508497198
1.20954918049
1.35374485502
1.29830173376
1.20309457613
1.26728646879
1.20885800778
1.17657886821
1.12752366187
1.27325182256
1.16665434091
1.21823006729
1.09692701001
1.21579250075
1.19255054483
1.16605103602
1.25220935726
1.32880615491
1.19953672217
1.27303198284
1.28325036228
1.12608780915
1.15770637568
1.13837895999
1.20366024962
1.06080987734
1.34994571488
1.21436118052
1.20869062379
1.05573191259
1.11272366634
1.13623699296
1.38523067045
1.22312077695
1.26738410703
1.14210672862
1.19859974504
1.14767814267
1.18287133332
1.13640649006
1.24511069088
1.11592653103
1.22533209716
0.983170236063
1.38198069963
1.13440179935
1.14786545539
1.22154863322
1.14249097857
1.12941377255
1.29549869367
0.0
1.11658910268
1.12229878322
1.13598197697
1.2459378369
1.21160239387
1.23344018596
1.34279589643
1.15346490868
1.1307195394
1.27977007851
1.20595014322
1.22313612584
1.1462998803
1.16731487278
1.16199879482
1.07341929352
1.27200396732
1.1651715236
1.26218388838
1.18462738922
1.00857294804
1.12868634292
1.12424760093
1.15471791871
1.15408997443
1.22698625207
1.23346927029
1.22121940391
1.19049952576
1.29216319316
1.21445470475
1.31896373562
1.27328516575
1.16585993031
1.31257568966
1.12822429157
1.28814324999
1.31827017084
1.27239712019
1.2557795292
1.24502509523
1.24398518306
1.29481148855
1.11221504746
1.24534877005
1.29055086664
1.30467980668
1.2243350175
1.26539834116
1.21002754834
1.34670897885
1.02793902059
1.1669232067
1.22921613328
1.24260022613
1.17294669997
1.24558204294
1.36944894405
1.07509053315
1.20163292545
1.24526867856
1.12980769669
1.37247148941
1.34080958725
1.17108669132
1.16631507526
1.35142958904
1.15143834445
1.24957048195
1.11060626375
1.16532406941
1.28726657207
1.22822309705
1.11006103259
1.11516142744
1.0935578338
1.27620716372
1.18407792228
1.22302894841
1.32837327381
1.19736895612
1.30548553871
1.07406306405
1.13073243855
1.15354840422
1.25673153631
1.27347630285
1.00088389705
1.10048854617
1.18379456028
1.22603948859
1.14168008175
1.19097160755
1.16781654343
1.15860170228
1.01394248886
1.2243164474
1.14705192975
1.07484121907
1.14578885218
0.990634365893
1.19921689732
1.2486737972
1.34351505643
1.11437133203
1.15253464805
1.27169621676
1.30802812493
1.24150750333
1.30852072456
1.11481323236
1.20031015611
1.17968185034
1.19101641352
1.39391947182
1.2810646348
1.23478014882
1.04986390921
1.13318416206
1.26032263583
1.27541229808
1.24862191465
1.14851012186
1.13863023363
1.10984228891
1.25534646367
1.30150411363
1.06767014347
1.38570264483
1.11976754645
1.26103656291
1.11533317941
1.12904936747
0.855265789977
1.1725909368
1.07402209596
1.22663720955
1.24798502058
1.35293610132
1.2854936744
1.18102770077
1.19389864714
1.29522777447
1.42895038939
1.36644591569
1.21584106266
1.38779667507
1.27044817107
1.33679114918
1.18211089563
1.28882395218
1.13823393221
1.23987121498
1.17449183301
1.09358423895
1.02152828982
1.10434211533
1.13439399487
1.06148413078
1.11284478051
1.11791443068
1.1634252734
1.292755088
1.10858734671
1.286692648
1.11070333036
1.24581334564
1.20888068368
1.23011657324
1.2590827944
1.12222619197
1.20995482557
1.01707207561
1.16740984436
1.17975965102
1.36678500772
1.31487399021
1.16015090891
1.29096614246
1.25158349085
1.22311241804
1.22570456888
1.21241120958
1.27791479765
1.12432877184
1.32223704071
1.3230810903
1.22214059877
1.13289783171
1.24559110082
1.26324824861
1.38880995709
1.29088670478
1.16463565967
1.28928217041
1.25499115376
1.16542352645
1.22114228003
1.15483968249
1.09692976288
1.18376961715
1.02639077562
1.1236696721
1.11921231936
1.03682115729
1.16096768069
1.12387455373
1.11788031715
1.18957916257
0.946251069966
1.2138378653
1.10850265077
1.01821251224
1.07689032923
1.0843250113
0.958179931232
0.996735862756
1.25338826894
1.23643793881
1.24282173127
1.18558596717
1.35254639561
1.26652731488
1.20942988264
1.17618090972
1.28502528188
1.32936455046
1.19372039114
1.25069838728
1.20316567565
1.23212669569
1.17503976346
1.26653595569
1.13825545684
1.09958152197
1.1241903088
1.21577100494
1.16514345155
1.12443913713
1.13216776162
1.41441648903
1.25076125474
1.24974714896
1.18970758508
1.27747649386
1.13281685425
1.21968916924
1.20687308056
1.3741472212
1.04197865322
1.15527676521
1.19644688682
1.15322727291
1.1612856707
1.14338779433
1.15171103546
1.11132717483
1.23984567344
1.25334740201
1.10342176998
1.21734749855
1.18383532846
1.28054534263
1.17475764667
1.15177856998
0.999423630861
1.05575275351
1.1953578641
0.93515953123
0.979231589646
1.17712626347
1.1502552245
1.115289192
1.2304916985
1.11701801925
1.18863795209
1.09279767459
1.10205270114
1.00361150004
1.16514110536
1.12676419314
1.32094371712
1.21587658576
1.35425796653
1.22647329633
1.24361229934
1.17741166913
1.1912048489
1.23917680034
1.31044748079
1.23626436745
1.13663587235
1.32464256596
1.22263070608
1.23923271089
1.12396072054
1.31334250779
1.09067288961
1.15157393269
1.01419982528
0.96948300682
1.20369666105
1.31279108683
1.3289528217
1.25745525803
1.28485831239
1.18644327755
1.20259813044
1.31442965989
1.22464265223
1.11419874054
1.12568607415
1.24517190219
1.07295470157
1.1529516195
0.996105501498
1.11684998966
1.11414256321
1.18838456974
1.25327757284
1.237818789
1.35197511057
1.18333530539
1.14420759706
1.17423728555
1.29336959415
1.0512345134
1.20031093106
1.18992536881
1.05732200485
1.07820491208
1.18277939787
0.90743761999
1.06888533845
1.03688733483
1.02789631657
1.0764396006
1.0283812109
0.97851287288
0.9933791126
1.05232409536
0.948336512051
1.11746929865
1.08459058325
1.18702988514
1.3168358167
1.02325849609
1.18822623799
1.13104246503
1.28255889245
1.29834030725
1.16379899204
1.0440883017
1.15624400375
1.31697347554
1.06784271819
1.177214224
1.24126255713
1.14563545499
1.1547569246
1.2127579024
1.21889822338
1.27766457741
1.03187897487
1.29247821643
1.35886040957
1.17590506114
1.2127058988
1.13949087073
1.20954490631
1.35782121056
1.22542166286
1.16963683873
1.23302067666
1.12345320239
1.22016518794
1.1894731171
1.22102248011
1.34456844673
1.16156321694
1.15828146613
1.24985932565
1.0402295976
1.21691280422
1.11563350857
1.03880113129
1.27586470616
1.20602190617
1.10571705374
1.24984609355
1.14594436232
1.07351340162
1.10161445798
1.2674536841
1.0725599531
1.24611177441
1.27524348674
1.17783945608
1.10942118384
1.21969540543
1.22195951078
1.01211980022
0.971884255827
1.05934228236
1.22003935511
1.34115606788
1.15836028954
1.11769574993
1.17044544781
0.198632633928
0.122318893362
0.241767721286
0.202521881859
0.0
0.296269197357
0.336611870228
0.215669289962
0.151409787077
0.240309021282
0.112527444043
0.0848555591406
0.171123567962
0.366980149985
0.187940828532
0.00738125727102
1.05749540291
1.14144254443
1.21504886216
1.13136980768
1.06555803494
1.28830601966
1.209603784
1.16626143796
1.24957307316
1.14867294497
1.1932950728
1.1691829459
1.06626780911
1.18091882457
1.11234842513
1.0710696534
1.26368101148
1.03431798503
1.08644676067
1.10001919807
1.23249560047
1.00705614094
1.08243677498
1.07327898969
1.10366729386
1.07999289247
0.990199790892
1.26244556516
1.15974556262
0.962152052468
1.05945060188
1.1204643652
1.20268872416
1.24503703539
1.17945935479
0.959574578847
1.07365414999
1.09815692233
1.19657435758
1.28232157449
1.22404499901
1.19620826646
1.15019917622
1.15322204776
1.12442339794
1.14964125556
1.08068679565
1.16253323981
0.995258948598
1.18589887366
1.37593197699
1.33881918699
1.1402168618
1.22587260782
1.1582840424
1.27354011867
1.3967045956
1.16260939142
1.29019243971
1.20036502533
1.22776254651
1.13734830925
1.06275817538
0.93536643653
1.16644385588
1.06529451188
1.15307377976
1.1384739435
0.983125791397
1.24471919431
0.913199144108
1.21331609682
1.21322986497
1.15166636254
1.14995325798
1.19811372362
1.09869532294
0.976976392317
1.13686112882
0.955365726055
1.12427603526
1.18200377391
1.18786009204
1.22063121058
1.24175762952
1.31112217115
1.18751153128
1.09118021738
1.2598918834
1.10625351743
1.10083583595
1.21919814865
1.06027244038
1.08305297238
1.17000828847
1.2157768458
1.01176098787
1.38348874491
1.24903760158
1.33759154386
1.30427566544
1.21375970734
1.31350888973
1.23578784954
1.0957505359
1.33421321041
1.20596277083
1.34956841344
1.22341775506
1.21763952147
1.23832596518
1.11015653978
1.23319416341
1.14331252271
1.2554316842
1.04190140687
1.11139332526
1.08149142113
1.35373947348
1.11820582658
1.23387184931
1.26566390752
1.14686077745
1.14517454265
1.10407694435
1.07906510476
1.2819150226
1.11647576088
1.14597480208
1.21265276654
1.15356744043
1.27738184551
1.29007644831
1.19249868008
1.36788648078
1.21028519643
1.15446018638
1.23175822118
1.18515758056
1.0194701088
1.18305035049
1.18872070049
1.19525894803
1.09508124542
1.29186527057
1.21916756574
1.22243693062
1.16567693786
1.15101331443
1.24350686097
1.24154579175
1.24735917316
1.3674488984
1.26091002851
1.2161537583
1.25027210495
1.02495134475
1.21320371464
1.17591053974
1.05973088852
1.24294792026
1.04589569937
1.03494542763
1.19931091103
1.19613266002
1.15819621618
1.24503123254
1.18555351799
1.07033018212
1.26396020568
1.16543473383
1.32209977846
1.02869362322
1.32211150324
1.06267504182
1.2612393646
0.307842260693
0.331926012618
0.164643065999
1.1213412312
0.428158777348
0.373072415046
0.258881778698
0.466114718083
0.457505405761
0.225133983673
1.63748470823
1.70561343752
1.66108679251
0.333452253504
1.58876607604
1.76447481844
1.11043382048
1.0301596527
1.15600366971
1.14128348415
1.09492529583
0.992385282256
1.128554813
1.13326137033
10
