1.18347823642
1.22316844886
1.143869258
1.15931891012
1.15618583414
1.21802650798
1.2911361236
1.12664551166
1.20682841592
1.23333988213
1.21494737701
1.15164213651
1.23386376123
1.25646794388
1.13418420879
1.27956051372
1.27664201493
1.27354418768
1.17011417303
1.13991388807
1.21357992711
1.27007726319
1.23200148577
1.19773664981
1.14905870264
1.32690986888
1.1340690834
1.18050295208
1.13414205093
1.36189846893
1.27474583603
1.14085030464
1.13683777127
1.25804857824
1.09075836367
1.1183933841
1.31727425476
1.26670489059
1.09860383065
1.17209546424
1.25057257049
1.2068459666
1.22568515349
1.10994693431
1.31451516687
1.22702776685
1.22306696343
1.1788043808
1.07130861853
1.18608187401
1.1398923059
1.11953139887
1.18859331435
0.960618600019
1.19714842055
1.0310938227
1.15075652414
0.996723087965
1.17242952407
1.06507990195
1.17478462494
1.10322256287
1.16872002873
1.0903921303
1.23170016276
1.26726197261
1.24437627504
1.24828466596
1.21163875828
1.25424789099
1.21086845226
1.1828777865
1.19667695818
1.23724395849
1.23950932224
1.12109558802
1.30799856724
1.32740676519
1.22163659759
1.1048625938
1.12772102021
1.24622061512
1.20643791937
1.22208650789
1.23047210621
1.31316589846
1.17232315668
1.1497730153
1.25929732365
1.1929868776
1.25092720987
1.30382038855
1.24583970463
1.30233923783
1.19043078832
1.20037993516
1.27873214813
1.20784499028
1.1692084126
1.17885929411
1.18680301591
1.30148440675
1.2099239563
1.14481387367
1.18481425367
1.22520308457
1.19931950868
1.31867408382
1.24746538672
1.25350544329
1.17634298403
1.20178573751
1.16436469884
1.18834689569
1.03577424304
1.20789868782
1.16599043145
1.18885440885
1.30318103663
1.23852534565
1.17359907072
1.2087447631
0.99609128969
1.03480697182
1.0710063593
1.02151112509
1.15599252373
1.04008801612
1.22747218484
1.23240936042
1.13013282969
1.12710656356
1.27068066958
1.04732616351
1.2330206166
1.15250454448
1.11080266555
1.25176543577
1.30325757149
1.15815269026
1.07989823453
1.21562449546
0.885696873887
1.3140412098
1.06386520597
1.12972576399
0.986860167053
1.10259168539
1.14672413766
1.17163757555
0.935234141769
1.27495156751
1.07010396889
1.13695660101
1.08448705507
1.17410701907
1.19749246821
1.16261346792
1.15027860342
1.13099882608
0.853198338233
1.23185921395
1.10423178423
1.251280527
1.25092146641
1.1988516029
1.26321104534
1.12184011765
1.16691039076
1.18573781075
1.07898309116
1.17240862475
1.20414772675
1.11516183875
0.997512703248
1.06317036113
1.14953151258
1.2367841875
1.15922492702
1.24031767516
1.09490315533
1.11825180597
1.10411316201
1.04629929339
1.18526655806
1.32900845345
1.06085936958
1.14491550969
1.04987865161
1.20215214399
1.11068575702
1.18019106385
1.12438318895
1.1086289089
1.13059644492
1.04132623669
1.38188881791
1.25784733261
1.01706376319
1.15530667521
1.14426189068
1.24365121438
1.12017360691
1.24088996476
1.08642320064
1.17332888788
1.07345754376
1.08194250848
1.19197407487
1.10903853781
1.15134835317
1.18860914497
1.19169433163
1.28606619463
1.16993287878
1.13958397968
1.1686838
1.2137496359
1.17181045337
1.27378950405
1.27409567408
1.29016110265
1.22485284493
1.19080768469
1.18795160885
0.962464561352
1.0617721261
1.04451055618
1.00517366398
1.06123299265
1.01255392558
1.24946454531
1.03732059796
0.903866523034
1.15163064496
1.02648032253
1.12204649338
1.02509102217
1.13981984721
1.08052357788
1.18822838362
1.10366079839
1.21079487083
1.21669253074
1.08778429053
1.38218491987
1.20878280464
1.03520395149
1.33883569164
1.21472086399
1.22118850166
1.22298428926
1.22412805123
1.13541298891
1.20638881548
1.30437503052
1.11065295302
1.30874640366
1.26267097318
1.09995865625
1.22717848985
1.35426142598
1.07139761064
1.21197259975
1.23916604687
1.28021900421
1.19170164971
1.28882122955
1.43322992378
1.25378560359
1.18023422151
0.97197025353
1.154331959
1.29478947265
1.12258258849
1.1799422468
1.14834627397
1.31783258315
1.38165428421
1.13622915381
1.24324278742
1.38152724552
1.18935127241
1.1137062144
1.13565489726
1.15510050138
1.21651087942
1.30131421516
1.18884621393
1.06869243585
1.23287913366
1.18674817012
1.31318734529
1.25753846242
1.25591013657
1.26145256977
1.10320368383
1.14992077667
1.13477350107
1.19266128162
1.28423713651
1.26190043188
1.23080061768
1.14066257863
1.08443153056
1.29305010857
1.06288528617
1.18161869909
1.23238622029
1.26200910274
1.33887803273
1.4674981197
1.20037057707
1.18509151909
1.15011525922
1.08502403541
1.27534907554
0.99557121849
1.04169967345
1.22604008021
1.25562607865
1.13599114476
1.05998976206
1.26743017211
1.1178607216
1.22201412392
1.21424590793
1.36921830034
1.24246942209
1.04682568155
1.18849931326
1.12924463814
1.21059130163
1.2152014916
1.04355037169
1.19925683515
1.16715751306
1.30413295808
1.17460900073
1.16872170604
1.23587896092
1.18492166893
1.20189417612
1.19275087361
1.15305217321
1.33351312895
1.27167132063
1.07323304577
1.12805794769
1.28475179395
1.22894608539
1.47046376957
1.16302952922
1.12194603985
1.2245938746
1.11359136547
1.30460277594
1.24231138772
1.18614127775
1.16163125637
1.19505246572
1.33870214903
1.11380420887
1.10123367415
1.19983828225
1.22700776988
1.14424861706
1.01783918699
1.08311665308
1.28552176804
1.05999042811
1.14991394027
1.1032937118
1.27525602664
1.13072794913
1.3185235562
1.19893435277
1.05368451647
1.0173153446
1.20010174444
1.05560084688
1.10078053714
1.20371259328
1.13004812489
1.20496890805
1.23844872385
1.06564567073
1.23826830266
1.01137510161
1.08296631659
1.283396783
1.26662850972
1.18340641217
1.22472732151
1.10315009859
1.06159144065
1.25036754044
1.25101353521
1.09668074582
1.07012137818
1.18021202501
1.1894541287
1.25077079284
1.12569413228
1.20905459773
1.35595217686
1.29475937785
1.20273656957
1.26844956649
1.20948581103
1.17715159741
1.12492666308
1.27349347242
1.16562373072
1.22146170809
1.09528163931
1.21603030158
1.19292499738
1.16827744696
1.25167830438
1.33074879698
1.20119099475
1.27318647702
1.28137395536
1.12978104861
1.15932195021
1.13787292314
1.20430839065
1.06268963187
1.34984743298
1.21248279315
1.20753381063
1.05452973481
1.11356774323
1.1389048976
1.38706306531
1.22219594714
1.26537351076
1.1403895358
1.19606278199
1.14380524523
1.18248196369
1.13746461307
1.2432065756
1.11373592282
1.22335695138
0.98324894773
1.38190126606
1.13853217085
1.14634301242
1.22603195787
1.14282668016
1.12738731763
1.29318409029
0.0
1.11451187312
1.12502939519
1.13614865208
1.24378289264
1.21091773013
1.23037466284
1.33950059785
1.15527584532
1.12631664977
1.28052917533
1.20820601106
1.22282642169
1.14502813282
1.16871926262
1.16105096856
1.073554991
1.27068462502
1.16421507771
1.26310142826
1.18312436008
1.01003678044
1.12933799115
1.12082165694
1.15685020732
1.15035518528
1.22992655099
1.23386011255
1.22153644683
1.19061746873
1.29386407803
1.2139207973
1.32022014282
1.27385744466
1.16632597351
1.31313518982
1.12783999413
1.29069535054
1.31965518068
1.27183668842
1.25647135097
1.24505172118
1.24506921043
1.29324680479
1.11309088741
1.24356720934
1.29214075479
1.30140196762
1.22635217253
1.2660548977
1.20838792029
1.34653409427
1.02664939252
1.16560264657
1.23061182782
1.24283737878
1.17269620738
1.24424284043
1.37049469155
1.0767415773
1.20296586889
1.24353352384
1.1339132171
1.37286139667
1.33885861878
1.1710251548
1.16692378165
1.34960206627
1.15080807826
1.24820278753
1.10900863607
1.16571075714
1.28536940141
1.2286324018
1.10979213538
1.11674150414
1.0962204733
1.27837612429
1.18456628385
1.22339405904
1.32833252873
1.19868587738
1.30474841533
1.0746202386
1.13260995285
1.15519254563
1.25587997132
1.27364156047
1.00332113024
1.09914701365
1.1847922003
1.22528435795
1.14429094517
1.19177489938
1.1684972451
1.16124271344
1.01494151132
1.22319011016
1.14747349257
1.07579116731
1.14455638812
0.989591425316
1.19982474157
1.25316578722
1.34211287286
1.11477731428
1.15105841571
1.27181546195
1.30868889422
1.24289085331
1.3108316236
1.1140003339
1.20084306928
1.17999866934
1.18900709177
1.39508726538
1.28308770514
1.23226487626
1.04735995875
1.13440453309
1.26034763401
1.27614112629
1.25080950217
1.14724077957
1.13814121985
1.11108546325
1.25793216216
1.30275071919
1.06824465679
1.38697306155
1.11863536223
1.25909162939
1.11595575018
1.13034322991
0.855065070646
1.175686583
1.07646155272
1.22737468092
1.24715285809
1.3514606137
1.28539776664
1.18031827991
1.19427231437
1.29354320943
1.42677104691
1.36782593291
1.21583100499
1.38812270362
1.2673525138
1.34143751064
1.18278673343
1.28922188729
1.14165457417
1.2419841189
1.17538483656
1.09426805926
1.0226658907
1.10565843106
1.13405750155
1.06336600738
1.11306272308
1.11880681614
1.16388273681
1.2933852673
1.10864736046
1.28786219946
1.11186863185
1.24328475535
1.2112596654
1.23139815095
1.26001799432
1.12065647129
1.21301736903
1.01737170339
1.16812460694
1.17938566255
1.36626829625
1.318128209
1.1597898806
1.29362889143
1.25357872312
1.22311080254
1.22673234114
1.21521315953
1.27627585602
1.12729959626
1.32089402329
1.32606087814
1.22368027217
1.13337154464
1.24589119756
1.26610927818
1.38815273937
1.29008980917
1.16615468843
1.28759692659
1.25276375515
1.16742074643
1.222686259
1.1564951424
1.09786123072
1.18379731802
1.02765070512
1.12079643661
1.11987417172
1.03751159884
1.16060858678
1.12478003029
1.11963547808
1.19123956398
0.947458775954
1.21448584874
1.10940612949
1.01877948608
1.0783205246
1.08283207659
0.959695510132
0.996890337466
1.25401887226
1.23879210235
1.24302358526
1.18447228777
1.35416703012
1.26447134054
1.20950895176
1.17939437906
1.28328252395
1.33000306106
1.19406031082
1.25412474351
1.20500924702
1.23232387343
1.17405252484
1.26737769929
1.13934679456
1.09817865445
1.12535803529
1.21546184915
1.17072010354
1.12430964521
1.13336138074
1.41446325773
1.25108154237
1.25108599154
1.18868126878
1.27931710549
1.13277102601
1.21932157846
1.21120388844
1.3739581608
1.04042898312
1.15630914792
1.19662669618
1.15332684272
1.15947695428
1.14271256867
1.15458797875
1.11358129976
1.2442529875
1.25362284185
1.10066384852
1.21828151837
1.18287125718
1.28112027148
1.17605845286
1.15125804567
0.99786908269
1.05613472495
1.1967360846
0.933258518089
0.981020219485
1.18020909758
1.14740779007
1.11400222679
1.22983286698
1.11871569103
1.18965101227
1.09297644732
1.102517543
1.00356804072
1.16576795505
1.1276089072
1.32304256826
1.21658744229
1.35623249933
1.22459121547
1.24507976499
1.17898033376
1.19346664764
1.23494533719
1.31262356125
1.23943891351
1.13754736276
1.32249636999
1.22280833349
1.24011405487
1.12511860513
1.31176070773
1.09243145779
1.1553445606
1.01717014513
0.96956387664
1.20485796146
1.31239790928
1.32955899291
1.25710838014
1.28734851332
1.18854349662
1.20474803902
1.31613600932
1.22735992767
1.11865052088
1.12723207164
1.24632502872
1.07585350497
1.15573770136
0.996991389048
1.11983073954
1.11808613247
1.18902729351
1.25326552916
1.24044569779
1.35499592038
1.18371665303
1.14807981424
1.1762345351
1.29437132157
1.05049847295
1.20247374698
1.19214769966
1.05791647085
1.08034074317
1.18410479034
0.905226284157
1.06622752162
1.03645865884
1.02986905717
1.07784823512
1.02961884221
0.978719080102
0.993704677582
1.05316478867
0.948217819144
1.1209339832
1.08621277438
1.19012429986
1.31703104053
1.02439916922
1.18794006305
1.1332365255
1.28428313365
1.29809823613
1.16354824513
1.04440903348
1.1567586076
1.31683181239
1.06991631041
1.17772189985
1.24225240361
1.14725340794
1.15936897322
1.21305993217
1.21875155542
1.28223953112
1.03445978498
1.29702321172
1.36314336091
1.17529766818
1.21339340763
1.14050058401
1.2103159167
1.35958400066
1.22527450451
1.16956194852
1.23571120615
1.12440564575
1.21866999439
1.18709709611
1.2211733953
1.33913046594
1.16723528125
1.15771300852
1.24972040038
1.0388129712
1.21287602553
1.11487568349
1.04006972954
1.27693568686
1.20615899292
1.10373735547
1.24802994902
1.14385654678
1.07207577703
1.10069450043
1.27012849847
1.07575715766
1.24678259716
1.27728754591
1.17896398114
1.10995302741
1.21846714792
1.22544754279
1.0135318835
0.974751553963
1.05840090122
1.22173728762
1.3429001182
1.15990538075
1.11980357771
1.17466090056
0.200919041841
0.125182155174
0.243810193583
0.206455185973
0.0993043857487
0.298101712227
0.338189541718
0.216158527398
0.15126494162
0.244154110079
0.11295172319
0.0896301744276
0.175244372991
0.371678407622
0.19142754692
0.00887769397995
1.06083007771
1.14426291608
1.21907093355
1.13588196117
1.07074733474
1.29364454581
1.21330233099
1.1693722105
1.25086940717
1.15185899125
1.19666804394
1.1720333771
1.06862957581
1.185554503
1.11831650759
1.08019554979
1.26401704146
1.03450023954
1.08811412759
1.10194745032
1.23362107166
1.00951769548
1.08599647627
1.07641357945
1.10731873278
1.08029396073
0.989962774588
1.26267601108
1.16248274576
0.962184695896
1.06088184179
1.12283628853
1.20342361096
1.24638357951
1.17864259615
0.959417720411
1.07635353389
1.09816033896
1.19758937859
1.28335874758
1.22317643152
1.19720229362
1.15308049992
1.15449907567
1.12483429089
1.15089379084
1.08217028713
1.16497017128
0.994338218161
1.18974880715
1.37763501356
1.33679161025
1.14041876535
1.22496012213
1.15607552734
1.27393332347
1.39797022117
1.16136100795
1.28823098432
1.20326770882
1.22859111361
1.13831245626
1.06506129888
0.93517048787
1.16644643337
1.0656085993
1.15259376296
1.13989400117
0.982181192722
1.24523205596
0.914071631643
1.21298994552
1.21352260288
1.15380964942
1.15047840748
1.201774888
1.10143765735
0.977254588765
1.13895161099
0.955955369388
1.12595200681
1.18309865075
1.18641456886
1.21741279554
1.24354772827
1.31133641814
1.18865594879
1.09015652738
1.2613871236
1.10498380889
1.09748067235
1.21924915372
1.06111390499
1.07987416252
1.16834296148
1.2144859985
1.01125996575
1.38403051118
1.2500386121
1.33506370014
1.30281616079
1.21205084864
1.3116286032
1.23608783738
1.09727244362
1.33617605758
1.20284614208
1.34878594797
1.22038252142
1.2176222749
1.23949321402
1.10815653537
1.23108500513
1.14379759784
1.25505283939
1.0405952201
1.11227628598
1.08348038865
1.35405613123
1.12049267494
1.23419045348
1.26287417876
1.15053993727
1.14911031028
1.10780464333
1.07723209468
1.28299162794
1.11742509017
1.14463192172
1.20995191628
1.15347048589
1.27476519949
1.28811813763
1.19460237028
1.36792108894
1.20867382696
1.15630321528
1.23410441948
1.18345767465
1.02009846091
1.18398389969
1.18833021918
1.19710123711
1.0972047484
1.29039343287
1.22062612151
1.22297552156
1.16551106412
1.14999257438
1.24611852767
1.2406968971
1.24961564885
1.36517582572
1.25871419741
1.21862869876
1.2498816624
1.0258062817
1.21105814303
1.1747181287
1.05796376782
1.24500968007
1.04236135728
1.03259616246
1.19824196907
1.19664807178
1.1542497164
1.24661672872
1.18370332426
1.06790043204
1.26240664067
1.16442804298
1.32048940103
1.02654990782
1.32305190871
1.06053623699
1.26066970015
0.31138953089
0.333787547912
0.169368781571
1.12248767607
0.426827743784
0.372161103746
0.260909368499
0.467582146575
0.458291787038
0.222648830775
1.63632999542
1.70346112622
1.66306445651
0.333603316664
1.58698013722
1.76238754192
1.10860765388
1.02953811248
1.15432902118
1.14220919141
1.09445654401
0.994594452749
1.12881949198
1.13191085716
10
