1.86454207425
1.88555639572
1.81151932684
1.85581342295
1.83268681023
1.90233061554
1.96334753476
1.79471853406
1.87504503368
1.92433490031
1.86682057155
1.83361093165
1.90751230474
1.92331375925
1.82506500012
1.93140969883
1.95537542375
1.97934688046
1.84548853517
1.81102868347
1.87319775566
1.97334830232
1.87376167449
1.81526224738
1.83022548692
2.01935210909
1.9622586709
1.83079817038
1.81879059336
2.04454409787
1.91926861192
1.76539380113
1.8261357848
1.91105087381
1.73863501564
1.78531431544
2.00257601609
1.93744745292
1.76254765368
1.84543617458
1.89054012229
1.8554984959
1.8908146409
1.78871686899
2.01049420885
1.89843785585
1.89640422644
1.85000052454
1.7618760238
1.84346192126
1.79067612351
1.94286044407
1.85246343788
1.63533466549
1.88222289331
1.69471330007
1.78609418656
1.67864423419
1.8285555237
1.73634753484
1.81231110132
1.760385012
1.80350598069
1.76064334945
1.87627214663
1.93125074295
1.90027085291
1.93307377187
1.87214815538
1.92109481181
1.86303837431
1.86513541207
1.85456488941
1.87689484203
1.94086917056
1.78062325186
1.93229887665
1.98873953601
1.90012467491
1.79301453476
1.76520362445
2.09878156523
1.90167057131
1.94567583722
1.84560117558
1.94548732188
1.8550760373
1.78049952355
1.91430483046
1.87921412647
1.91808928624
1.94906345051
1.8965198086
1.97813028345
1.85547297926
1.85507890919
1.93021285903
1.89263217691
1.81302617604
1.81814123994
1.85307429331
1.96146399343
1.81419969884
1.82695730642
1.84959390757
1.85241808715
1.82435349918
1.93554086826
1.93917719989
1.92137531111
1.82195343699
1.84870674849
1.82012337097
1.85907417245
1.66405162114
1.86121379889
1.84132772929
1.8523398601
1.96786038047
1.89791638151
1.83383078451
1.86685835874
1.63856031125
1.66345243996
1.69063870713
1.71136155414
1.81817464856
1.70411435081
1.89709444388
1.90240746105
1.80483903521
1.78469901777
1.90672632093
1.71858340608
1.87431770673
1.84144239406
1.79373009062
1.88337763565
1.93525680784
1.82496710012
1.7047569369
1.88490622764
1.54364617155
1.96444489538
1.73973805724
1.77323716464
1.6119241442
1.76364229036
1.81294978493
1.82431761303
1.60236777954
1.9222046823
1.75110238859
1.78468394547
1.76278924522
1.82194838236
1.81616459672
1.80769299367
1.80977568343
1.8065251289
1.52696205436
1.86380039212
1.77332026312
1.92146891445
1.90650061623
1.85649261319
1.91197219325
1.80535000583
1.8487119991
1.82136000583
1.73474921889
1.82052008967
1.8444380131
1.79334307447
1.69690659184
1.73364925739
1.79847762484
1.92270986174
1.84740109641
1.93534589877
1.79338459719
1.77558376086
1.81790361328
1.69874595959
1.83036883658
1.94045471682
1.69596670853
1.76220520838
1.76035397023
1.84456479019
1.79903529408
1.82110656396
1.77120591504
1.74113463431
1.76042734211
1.70251119816
2.02403567093
1.8812385378
1.66698602184
1.81419225685
1.81161740703
1.88986613935
1.78004458247
1.89615809716
1.76922518002
1.81429420413
1.74808213376
1.70793729504
1.86276526887
1.77926495021
1.7884176706
1.89036567634
1.84966015784
1.97337830339
1.8376991233
1.80678131627
1.80663766546
1.89571638098
1.81277343837
1.96016793152
1.92009431187
1.96586315381
1.86731385289
1.85166629001
1.84716349623
1.63983001451
1.74146492334
1.74989593946
1.66279384379
1.71251728214
1.65832827116
1.87533170491
1.65569300645
1.53875026627
1.79386056746
1.70075786168
1.78266719773
1.66509998816
1.80468523617
1.72569166007
1.87287983932
1.76955451167
1.88935465113
1.90180920285
1.74327674547
2.05518244991
1.86005110382
1.71199527613
1.99671586406
1.89634235821
1.88496295165
1.87611713189
1.9086829048
1.80763222928
1.86057232378
2.0128316174
1.77235627727
1.964872678
1.93747088762
1.79635237595
1.96150004798
2.01556101727
1.69809945805
1.88071514232
1.95984251751
1.97788741799
1.88676441313
1.91854672877
2.08596839225
1.92403071801
1.85455225792
1.71848112369
1.82725871248
1.96153301198
1.82557002562
1.85353655405
1.80286996592
1.97858953741
2.04429867553
1.79616961905
1.89572042732
2.04938005265
1.8592307009
1.74118691691
1.80824057483
1.80606443504
1.94039709031
1.97542922098
1.88930131321
1.76959621237
1.88156438755
1.82814631311
1.95252055814
1.8862266093
1.89113198644
1.91326570845
1.71938450536
1.81408833632
1.80144206553
1.86652575246
1.94733207992
1.93249655865
1.89362353511
1.79411949278
1.73355260624
1.93088840824
1.77034015141
1.83543698634
1.86636533074
1.93357908239
2.02375802244
2.12871725929
1.89081946511
1.8424484304
1.75360649726
1.74928958309
1.97538107758
1.67073194109
1.72219874462
1.85804392168
1.96978865953
1.81291889853
1.68735832755
1.94912534287
1.7570061405
1.87490902468
1.86398830723
2.0358358719
1.88365319108
1.72621673252
1.82886905496
1.80768367721
1.92980315128
1.87789054315
1.70718016111
1.86741695235
1.82386058331
1.95308993237
1.82552740376
1.81576124708
1.89570510377
1.86653220669
1.86821023068
1.83038580357
1.8517644169
1.96366788372
1.88364402558
1.73389175929
1.81777263964
1.94083629896
1.88931868375
2.12347238263
1.78433491599
1.77459391399
1.87425096746
1.76583402923
1.95220071148
1.87662677783
1.84273582951
1.85021992438
1.82136753603
2.00830667391
1.73406904182
1.76758678389
1.85934609253
1.87516188046
1.79325123739
1.67212863231
1.73840066711
1.93179112423
1.66986349897
1.80868839254
1.76375801803
1.95243451365
1.7636633769
1.96885611043
1.83258266322
1.69017095673
1.67162091142
1.81134303259
1.70420886776
1.76483451698
1.84269589107
1.76766209312
1.84392181578
1.88285156835
1.71831231877
1.93054282848
1.71979144219
1.76161023483
1.9298915064
1.92407901215
1.83731226829
1.90411905673
1.79465734253
1.74064529855
1.88581044835
1.91001518195
1.73166899709
1.7416919781
1.78338608889
1.86046037048
1.91629978231
1.76165540064
1.87369503507
2.01472697404
1.96581765268
1.8423037889
1.91808821456
1.83668957636
1.84617144056
1.7778660454
1.8873244868
1.81464940024
1.89226938807
1.72352542413
1.87553065994
1.84839347104
1.79835602493
1.89754438535
2.00199778689
1.86502785422
1.89361450628
1.91617363532
1.77227089435
1.83962696653
1.79311587305
1.86394053069
1.75231171702
2.00343015026
1.88499727241
1.86181330232
1.73438294751
1.78114342371
1.82072177263
1.99419485539
1.85793993502
1.93048711639
1.78025072766
1.82956913939
1.81143866166
1.82858863147
1.749759093
1.90667136476
1.77392643003
1.90249275697
1.64997136626
2.03833284945
1.76452668108
1.78575374596
1.87438656208
1.76127252324
1.78379327175
1.93255815959
1.52275183994
1.77682628896
1.79762429127
1.79334190953
1.88189455706
1.87692080933
1.89245737243
1.97865596626
1.84733688512
1.79892808188
1.92818050219
1.83378170342
1.86132793451
1.78714859749
1.85543799758
1.83604240769
1.72359430437
1.9187493594
1.82807425318
1.95081777219
1.83998029134
1.69527991603
1.79032079468
1.75495634781
1.80245673049
1.82603960582
1.88745738715
1.92400729973
1.90171886121
1.83829780221
1.99363337927
1.87438081933
1.93216556743
1.90453111681
1.82111738726
1.9382608062
1.76405393886
1.97185317145
2.0295983463
1.92927580189
1.94138477007
1.92172926563
1.91321224226
1.94834555851
1.73246968396
1.90625484437
1.93603900106
1.9573885214
1.87675105304
1.86722002483
1.86215666463
1.99258651535
1.67809975669
1.82102142516
1.90838158304
1.86302442736
1.84877520881
1.88553617294
2.02637878052
1.71981722289
1.81714148784
1.93432026243
1.77904232481
2.01532889542
2.01102345204
1.81497987821
1.82919058799
2.00729868821
1.79854712874
1.92176852984
1.79518915477
1.86095976277
1.93982510909
1.91729356725
1.78583751998
1.78642533299
1.75638589534
1.94339702169
1.89765164172
1.89962524521
1.95686899225
1.8174241194
1.9716762467
1.76978722002
1.82117484875
1.8285427544
1.89586055187
1.9324488468
1.68514150992
1.77579606008
1.82892256761
1.86092176588
1.76038923689
1.84645392926
1.78745160382
1.81271521993
1.73071574247
1.90157070003
1.81542704241
1.72065886887
1.80672073827
1.66684061066
1.85685852658
1.88342550818
1.97080214114
1.8069649858
1.81585162275
1.91627127983
1.92312613384
1.91877583118
1.95442437801
1.77957000354
1.89127817371
1.7921640281
1.89103744687
2.0537997448
1.92231255735
1.85082206323
1.69827049674
1.78644680912
1.92643957033
1.94050818195
1.88534602684
1.81526201965
1.79201706441
1.77693737525
1.89071969427
1.95853357129
1.71166762203
2.00983226827
1.74861027382
1.94393196231
1.73484386078
1.76571926997
1.54143600715
1.81937797026
1.69410210378
1.87268515296
1.84443579804
1.97554821
1.94865118684
1.84632531998
1.89223799313
1.97110596843
2.09273556053
1.97761555352
1.90890786486
2.02789282026
1.90986796759
1.98447188548
1.78838207362
1.95858573178
1.77135949701
1.84893143617
1.81781624124
1.71816743986
1.69256159093
1.78696700279
1.79024878784
1.76909649438
1.7907022172
1.7625869395
1.85539984845
1.94130552685
1.72035306855
1.92303940309
1.73801452303
1.90625137343
1.8631723134
1.92056696394
1.92395210724
1.81334472273
1.86239946679
1.67855254141
1.83735102396
1.83910002009
1.99403938111
1.94604545909
1.81321420288
1.93219902938
1.91291867658
1.88086249317
1.87547009753
1.86790072263
1.94540808177
1.78001924416
1.94004260867
1.9222823068
1.851294879
1.75890767161
1.87219169177
1.89684382451
2.01121071153
1.92720062988
1.81902325383
1.9064647916
1.9179549583
1.78628748361
1.88269318541
1.8480693783
1.76482371795
1.88117643204
1.69592584201
1.81110153118
1.7442608901
1.67033443573
1.82145607052
1.80849173781
1.78191753807
1.86410455226
1.64337760539
1.87220378111
1.75854997023
1.67493355912
1.7120535774
1.74484924157
1.6553663586
1.63569778478
1.93516596194
1.92128051431
1.91512335151
1.83831190442
2.02301525899
1.93495172815
1.87555324582
1.85742779728
1.97551424906
1.97085761037
1.87684416873
1.93682415812
1.84482005487
1.89309288366
1.82357424055
1.91320657212
1.85669780538
1.77716517325
1.81066193566
1.87472147028
1.82567902081
1.79866105413
1.76249167937
2.07757582779
1.92270127004
1.90863223631
1.88899754033
1.94275191224
1.80715580418
1.88960649184
1.9043294644
1.99810812228
1.77393647581
1.79755818582
1.82928918147
1.84479028897
1.82202960408
1.82523815526
1.81843154325
1.79651641902
1.93475531571
1.91528929765
1.80293948977
1.89429097892
1.87108571567
1.93004343027
1.83332709652
1.82530674373
1.69675581069
1.7629635738
1.8620074177
1.59831025789
1.63053131563
1.86634440273
1.83891464262
1.80356517752
1.91938694733
1.78590003541
1.88496926384
1.77805903171
1.74789361215
1.64018146811
1.80555486581
1.77760744401
1.97557183414
1.90993131679
2.0358706063
1.90785801921
1.92728262362
1.80803076016
1.86913990983
1.90252501102
1.98894624395
1.97136518321
1.83956927811
1.99018871233
1.89523960327
1.93074884717
1.8184457525
1.97718921212
1.76210540892
1.81656181773
1.70853116116
1.64778912266
1.87145426534
1.97484736207
2.03117595744
1.95743167824
1.98258101065
1.84754040349
1.80325387724
1.96012932004
1.90243560919
1.78076610862
1.77796981432
1.91992603392
1.75672251475
1.80885740717
1.64433240666
1.94201165826
1.76738431705
1.87874212582
1.93493703082
1.88248953056
1.92817452938
1.88762971833
1.83310867045
1.80988478025
1.94434954166
1.72963023834
1.9038884077
1.8835821364
1.73209320262
1.70592593456
1.85874482105
1.55198230276
1.68081407969
1.67536390666
1.6471804011
1.7166001179
1.75546861959
1.6675454008
1.68542975433
1.76536383705
1.59898691462
1.75558255826
1.75477269248
1.8946279773
1.97513370363
1.68387595078
1.82883208983
1.80323465416
1.98791967997
1.95420955369
1.80625722648
1.72733170492
1.80033417789
1.99057013076
1.7025816881
1.86288412342
1.89536414214
1.82361895414
1.83398416722
1.89860148608
1.86991367303
1.92974964183
1.63652225167
1.89060158219
2.04398708129
1.84466191913
1.82694048958
1.77693058056
1.85948804548
2.00586610357
1.86774754731
1.84409053828
1.86263565507
1.74268703944
1.90666964015
1.84588085709
1.8829114113
2.0032749645
1.78483115644
1.83158716461
1.91594767776
1.70442447292
1.87823357193
1.80049769445
1.71962513703
1.89997618279
1.82141855978
1.73046386021
1.87554671697
1.80408136349
1.68407138966
1.76042685018
1.90598857686
1.71141425845
1.87848434933
1.93639559125
1.84752694766
1.76744574346
1.89507503514
1.88590635043
1.70756879735
1.62447396628
1.71103961603
1.88747329061
1.97029380343
1.82497398005
1.74821534647
1.8171176164
2.23614905036
2.16746901437
2.26935898013
2.18190709598
2.18620729515
2.28517797551
2.41454207083
2.24582741364
2.23056643082
2.32326197211
2.14352589497
2.18113138
2.13435549425
2.44223001676
2.22002215558
2.07953901023
1.74045180266
1.81698483201
1.85194405204
1.79268447682
1.74021760931
1.92889673025
1.87606437755
1.86039501399
1.91620805423
1.84612302351
1.85136233744
1.83385218743
1.68884333694
1.85564139452
1.75441476832
1.6662785975
1.93782044167
1.70503724692
1.76450979448
1.76120446551
1.8571547683
1.6888530328
1.78173845643
1.71973810743
1.75872743752
1.71620574431
1.63200920917
1.90396374422
1.79012020026
1.61638108619
1.7217712907
1.75562918746
1.8745019553
1.91267475918
1.82107669515
1.65560271676
1.74923268608
1.80579548069
1.87003549548
1.93757579237
2.05912040279
1.88150478071
1.85645988214
1.82118704502
1.81304278001
1.82547850848
1.74999142188
1.82581015687
1.69119247068
1.82225327489
2.00702526411
2.00927731969
1.82297053973
1.88012485026
1.79676254956
1.92578938131
2.05890612664
1.83020352194
1.93736130046
1.87860846613
1.86935831707
1.81050642826
1.67013472365
1.59845163018
1.84282715921
1.6805510061
1.77845326396
1.80857151201
1.6430086117
1.93718077455
1.5635084068
1.86131501319
1.87403099364
1.85207777919
1.81661366732
1.78754691195
1.77910067262
1.62126064429
1.79015962784
1.62515565773
1.82212460896
1.87526525701
1.85186367851
1.90628241971
1.93591859634
2.00224205685
1.88226093213
1.77395235981
1.93651661784
1.82832828804
1.77617869866
1.92483608779
1.78534088602
1.75305280867
1.84284100792
1.91227228106
1.69229695039
2.0512031451
1.91865776476
2.03254687738
1.93460972574
1.94191292492
1.97511270959
1.95442185462
1.80255262987
1.98955940826
1.89936790592
2.05252749291
1.94345699508
1.87112864593
1.90231076091
1.77266816917
1.87203102178
1.86118425746
1.92707488782
1.71560413013
1.80423986293
1.73004012063
2.05942117151
1.78639033823
1.88387113001
1.94984184889
1.83261322116
1.83172420958
1.77520594044
1.76106477868
1.9546637901
1.77024039971
1.83001096144
1.89345919775
1.79843954318
1.93241124548
1.99908186122
1.83915452963
2.04683644594
1.90096827044
1.82125236104
1.88801541928
1.86125669506
1.71061712782
1.83307886262
1.84832377229
1.87824386102
1.76143908855
1.95445809787
1.87926067142
1.86708743067
1.84352983642
1.8692136531
1.86942883281
1.92700476899
1.93397935134
2.03472355951
1.95192319856
1.91658316176
1.92961812134
1.70968845282
1.84245554494
1.81605791381
1.70415098563
1.90672431733
1.71391118538
1.71467537867
1.88002454391
1.86476896585
1.81223880339
1.9244388295
1.83085069335
1.76649522532
1.93688713199
1.78476580071
1.96250248558
1.70617930913
2.01897799973
1.74858340102
1.91388051311
2.34335064999
2.37727386809
2.24721854026
1.77921191084
2.55387834518
2.37327820008
2.32869209532
2.51456126902
2.53037191398
2.21868653453
1.86921330755
1.93724380915
1.91018183662
2.35016028986
1.82554744235
1.99093238921
1.72794023853
1.68880077478
1.81068344638
1.79102664264
1.81278470224
1.65655697333
1.78938282486
1.80165790664
10
