0.0
0.0
0.0
0.0
1.83230552174
1.9036238966
1.9641183253
1.79582725759
1.87739639585
1.92495520009
1.87029945537
1.83813894543
1.91072127516
1.9291836966
1.82422800652
1.93240314876
1.95653572775
1.98147084656
1.84860531691
1.81377715113
1.87517115909
1.98024907115
1.87630573573
1.81782799322
1.835774425
2.02082633878
1.96281424385
1.8336818719
1.82028073317
2.04667091934
0.0
0.0
0.0
0.0
1.74021711043
1.78693615216
2.00642416749
1.94130419485
1.76397849084
1.84873847107
1.89074040175
1.85843657848
1.89517024663
1.7907704587
2.01514749497
1.89938936523
1.89557511624
1.84913731055
1.76247286839
1.84549806471
1.7992092016
1.94639277418
1.85498032341
1.63915960843
1.88825978491
1.6971516996
1.7885145402
1.68246253244
1.8310392459
1.7431022752
0.0
0.0
0.0
0.0
1.87928046746
1.93524153886
1.90289374431
1.93453738728
1.87689877941
1.92550960997
1.86665447552
1.86684295949
1.85814984066
1.88104148451
1.94677135779
1.7820592172
1.93637545297
1.99066964929
1.90230210862
1.79076405156
1.76556516545
2.10436522011
1.90465087036
1.94926202298
1.85044372288
1.95266769048
1.85709719712
1.78185830612
1.91572493726
1.8820592513
0.0
0.0
0.0
0.0
1.85959161303
1.85988884596
1.93254428123
1.89831689466
1.81879825034
1.82270926092
1.85784456834
1.96462065824
1.81505870333
1.82763122509
1.85166373899
1.85720963412
1.82767393042
1.94095889441
1.94175341082
1.92537381582
1.82666310617
1.85120684685
1.82089282471
1.86077128387
1.66647110486
1.86203248925
1.84554660074
1.85482655073
1.97024899361
1.89879155096
0.0
0.0
0.0
0.0
1.69137297989
1.71118707134
1.82197725301
1.71035255956
1.90009130443
1.90933075962
1.80953551294
1.78651748846
1.91445598057
1.72088129659
1.8807141774
1.84487257299
1.79799702183
1.88632473936
1.9385242314
1.8306085215
1.70941106851
1.88906174703
1.54782035875
1.96710634964
1.7433653488
1.77638511291
1.61432813981
1.77089788537
1.81679971193
1.82834447094
0.0
0.0
0.0
0.0
1.7681689289
1.82608751183
1.82352880394
1.81067601486
1.8140332256
1.8075862401
1.52922297547
1.87031328749
1.77551271174
1.92789264216
1.91512793044
1.86029936755
1.9175208784
1.8115902301
1.85436779482
1.82381348582
1.7386233527
1.82583217204
1.84982526039
1.79727739628
1.70038967733
1.73781160292
1.80260762927
1.92711209309
1.85043468583
1.93871221531
0.0
0.0
0.0
0.0
1.83477881971
1.94178799163
1.70091663966
1.76620490369
1.76959276063
1.85211765963
1.80376811465
1.82379534723
1.77526174088
1.74922241584
1.76399936677
1.70637870764
2.02975398431
1.88593159007
1.67140404716
1.81902507884
1.81660118284
1.89195931801
1.78599925344
1.90136940651
1.77839059269
1.81729728774
1.75475561283
1.71348637112
1.8633695616
1.78691931183
0.0
0.0
0.0
0.0
1.84333304469
1.81210879245
1.81288758333
1.90204400406
1.8160049236
1.96802072033
1.92738227546
1.97241813914
1.86645590725
1.85370675362
1.85008277064
1.64255581206
1.7454360748
1.75274557084
1.66980043877
1.72003939441
1.66160046872
1.88005491878
1.65916163512
1.54547653908
1.80058086873
1.70509719124
1.78857854387
1.67204767024
1.80830225128
1.73011489161
0.0
0.0
0.0
0.0
1.74444805696
2.05491459902
1.86114015674
1.71400250438
2.00190933085
1.89840623251
1.88747615474
1.88040587801
1.90931959523
1.80848155181
1.8622921155
2.01966681002
1.77890880475
1.96562684783
1.94552406018
1.79931735388
1.96668608014
2.01857292038
1.69725612878
1.88464089669
1.96398757914
1.98414766914
1.88866496078
1.92424086807
2.08684083298
1.92647228477
0.0
0.0
0.0
0.0
0.0
1.85655804968
1.80738914237
1.98294062016
2.04856465461
1.80036888448
1.90043321268
2.0519711154
1.86457678324
1.746845698
1.81073078527
1.80860264501
1.94345878317
1.97853451908
1.89389250146
1.77281732235
1.88350679081
1.82901764771
1.95279011852
1.89100670621
1.89532285818
1.91740476679
1.72178242606
1.8176758378
1.80075770009
1.87039157833
0.0
0.0
0.0
0.0
1.73537178807
1.93660182364
1.77645380089
1.84286004938
1.87137561748
1.93674715115
2.03243463814
2.13173365136
1.89039910827
1.84880412903
1.75611305545
1.75123026422
1.97966414679
1.67527230345
1.72842743768
1.86410824297
1.97467380595
1.81867372243
1.69165927929
1.95171855555
1.75985391783
1.87900661997
1.86566433069
2.04093215214
1.88915224796
1.72774716813
0.0
0.0
0.0
0.0
0.0
1.87069571859
1.82963244165
1.95810598045
1.83129988971
1.81990514401
1.89950608382
1.87005550513
1.87339316091
1.83792962949
1.85367755497
1.97140147427
1.88809679185
1.73750754507
1.82071499659
1.94327505298
1.89518439872
2.1270003804
1.78856758166
1.77719733962
1.87997586909
1.76996410611
1.95704531795
1.88168324175
1.84689886022
1.84975578121
0.0
0.0
0.0
0.0
0.0
1.87839820099
1.79597490728
1.67941070592
1.74202959601
1.93450689089
1.67631052061
1.81338805164
1.76710585548
1.95380698315
1.76493552419
1.97341528322
1.83924001891
1.69151458256
1.67651880591
1.81632806928
1.70682043161
1.76974992258
1.84460390259
1.77085736016
1.8486105819
1.88430985608
1.72345739613
1.93547899808
1.72497240091
1.76717010588
0.0
0.0
0.0
0.0
1.79507608008
1.74628259493
1.89011218748
1.91645978434
1.73501122158
1.74253796064
1.7865383493
1.86371401813
1.9225278779
1.76479342109
1.87733436257
2.0174074369
1.96867252553
1.84774968611
1.92254782072
1.84241224276
1.8509863116
1.78518679592
1.89324035621
1.82076864078
1.89745947959
1.72714992262
1.87592465294
1.85292221334
1.80343223958
1.89756104406
0.0
0.0
0.0
0.0
0.0
1.84684696269
1.79459998479
1.86390486891
1.7544431039
2.00953761733
1.88904107134
1.87066860429
1.73914918686
1.78553401573
1.82687379278
2.00109371313
1.86716047431
1.93309282938
1.78477193631
1.83341723457
1.8150972369
1.83246696544
1.75299521531
1.90836805775
1.78085753845
1.90656157734
1.65324466257
2.03982335534
1.76844148743
1.78863654593
1.89396487072
0.0
0.0
0.0
0.0
1.77604856852
1.80269279393
1.79689675071
1.88606624592
1.88205383124
1.89455681058
1.98164401696
1.85097509041
1.80494014428
1.92911780479
1.83845052032
1.87008324338
1.79461311476
1.85993098742
1.83761163529
1.72807969576
1.92305861077
1.83238709875
1.9548748413
1.84341822639
1.7049046839
1.79480584146
1.75767511694
1.80741350872
1.82892973751
0.0190557678887
0.0
0.0
0.0
0.0
1.85290473087
1.93477637447
1.91047978465
1.82467544153
1.94579515045
1.76924424275
1.97606710412
2.03461126096
1.93355955419
1.94680171596
1.92877734464
1.91964316598
1.95755401784
1.74099364333
1.91316709661
1.93933367756
1.9629450463
1.88230866966
1.87149975336
1.87036678131
1.99771904728
1.68278556152
1.82736233162
1.91294921651
1.87037274652
1.84098784683
0.0
0.0
0.0
0.0
1.86971407405
1.78602522413
2.02292260296
2.01511218013
1.82117062354
1.8361149871
2.0137087373
1.80645017135
1.93012697848
1.79646292453
1.86576970243
1.94448215623
1.91997464506
1.79123238468
1.7921237625
1.76320340351
1.95078849295
1.90583583191
1.90715417362
1.96132847178
1.82368472037
1.97992131793
1.77123205343
1.83056880123
1.8327698558
1.90079623706
0.0
0.0
0.0
0.0
1.90191587595
1.76328722663
1.8517087885
1.7961853834
1.8248079169
1.74006833621
1.90463887654
1.81858563773
1.72573383649
1.81574821419
1.67962331328
1.86574492362
1.89176158853
1.97492217437
1.81436290823
1.82126012453
1.92607930335
1.92959458013
1.92193232965
1.95852342574
1.78851893596
1.89730590814
1.7983283317
1.89567403561
2.06064499255
0.0
0.0
0.0
0.0
0.0
1.98462338464
1.89329241002
1.82380109757
1.79930056429
1.78536359423
1.90089965753
1.96426625664
1.71741483419
2.01818625784
1.75305876964
1.94862306395
1.74490931035
1.77353676114
1.5495145326
1.82711324563
1.7002126963
1.87730812294
1.84970230706
1.98069173212
1.95910372783
1.86088894091
1.8963245838
1.97379831448
2.09992890012
1.98186134201
0.0
0.0
0.0
0.0
0.0
1.96910553589
1.77861828586
1.853275433
1.82721474526
1.72340423402
1.70124405219
1.79017154381
1.79792419879
1.77787873215
1.79689721827
1.77071403794
1.86256698968
1.94682020392
1.72723534263
1.93447749906
1.74673430302
1.91213917376
1.87031231556
1.92516790367
1.93077293733
1.7099700865
1.87419889361
1.68227759259
1.84097288672
1.84507220436
0.0
0.0
0.0
0.0
0.0
1.88882836866
1.88348613264
1.86897716384
1.94793338301
1.78656936761
1.9461352351
1.92764840044
1.85836927775
1.76501318014
1.8782357813
1.90190789918
2.01618973382
1.93391844513
1.82217359135
1.91332811836
1.92442538731
1.79163954458
1.8880964961
1.85314426066
1.77161776077
1.91283900662
1.70115400028
1.81270645677
1.75067729204
1.6763810543
0.0
0.0
0.0
0.0
0.0
1.8771989804
1.76482001083
1.67708044871
1.71860962751
1.75110375209
1.66015375129
1.63947012021
1.94181956145
1.92789193385
1.92078360424
1.84601378659
2.02867271016
1.94259630149
1.88275590456
1.8640095034
1.98273673178
1.97038963884
1.88114764699
1.94640623391
1.8495415823
1.89525957641
1.83191763366
1.9209477778
1.85755124133
1.78481297437
0.0
0.0
0.0
0.0
0.0
2.08088481693
1.92819713819
1.91508411827
1.89404270509
1.95042569603
1.80976649688
1.89621168176
1.9110124263
2.00448488272
1.77957953899
1.80591960045
1.83439535273
1.84870738397
1.83234775103
1.83184870405
1.82237531603
1.80512784674
1.94175494643
1.91950809536
1.81052608354
1.905965436
1.87628288433
1.9328004417
1.83482268234
1.83333249762
0.0
0.0
0.0
0.0
0.0
1.87018117451
1.84164917406
1.81018267004
1.92193826448
1.78909042533
1.89053325526
1.7814563636
1.7516172113
1.64284724512
1.80934903503
1.7824006989
1.97785923165
1.91056598136
2.0375485685
1.91213428949
1.93242088398
1.81084720319
1.87199092448
1.90719336266
1.99291257561
1.97498236747
1.84323701882
1.9962806416
1.89833784461
1.93672230061
0.0
0.0
0.0
0.0
0.0
1.65319799223
1.87648519569
1.98067190689
2.03290340863
1.96269528706
1.98699209463
1.85420766683
1.80705455629
1.96354927543
1.90959530243
1.78539854151
1.77836372239
1.92614807093
1.76270282479
1.81264340905
1.64838914849
1.94541648015
1.77000674958
1.88125634131
1.94072342132
1.88549411982
1.93216166807
1.89355453435
1.83780324808
1.81297415299
0.0
0.0
0.0
0.0
1.73774387537
1.7092641582
1.86162490025
1.55852384208
1.68724710574
1.67721131909
1.65278351155
1.72026776926
1.75865830248
1.6749591413
1.68901146072
1.77243832944
1.60505447952
1.75841743002
1.75749021977
1.89900414521
1.9802372619
1.68964057393
1.83207229389
1.80608378365
1.99435414792
1.95530471269
1.80883424417
1.72981467247
1.80344450383
1.99405195451
0.0
0.0
0.0
0.0
0.0
1.9019864867
1.87555973327
1.93358556239
1.63771540816
1.89339626133
2.04976584465
1.85044702769
1.82929326004
1.7802392867
1.86659525966
2.01021653766
1.87313012861
1.84795969316
1.86740121035
1.7471244073
1.9117416711
1.85034200918
1.88867794018
2.00989387608
1.78885409834
1.83149691
1.91805505854
1.7058064442
1.87995679349
1.80391375169
0.0
0.0
0.0
0.0
1.87945292755
1.8068819272
1.68755773957
1.762417549
1.91032842346
1.71315396264
1.88254973799
1.94098438753
1.85027710419
1.77177305061
1.90123023489
1.88963417391
1.7140744778
1.62795993473
1.71706771607
1.88784009106
1.97173450944
1.82565552536
1.7509083316
1.82188115307
2.24239591467
2.17619215691
2.27740074915
2.19155711091
2.19386878183
2.29745454025
0.0
0.0
0.0
0.0
2.15297909626
2.18961143233
2.13849420699
2.44935709707
2.22538398116
2.08761302468
1.74936662055
1.81752831162
1.85360760646
1.79430734135
1.74457386253
1.93432564408
1.87847162869
1.86298933969
1.92171598636
1.85238127301
1.85773002294
1.83677288097
1.69172961309
1.85846814495
1.75897568902
1.66824530744
1.94180880377
1.70932634806
1.77120256184
1.76447550615
0.0
0.0
0.0
0.0
1.47336332954
1.72139590329
1.63734643941
1.90701536385
1.79436062611
1.6201706406
1.72886441554
1.75819462822
1.87681826917
1.9198474643
1.82289361059
1.6593659848
1.75860310329
1.80798547576
1.87496596335
1.94129139398
2.06363627321
1.88629320788
1.86183924861
1.82696215346
1.81906859854
1.82646239271
1.75309323574
1.83279498928
1.69685150069
1.82829070113
0.0
0.0
0.0
0.0
1.80186344566
1.93167623304
2.06413751504
1.83466421109
1.94396663708
1.88322539527
1.87520314204
1.8162148567
1.67900857757
1.60287859473
1.84918170417
1.68483885403
1.78151841207
1.81089253047
1.646678888
1.93899431872
1.56835610635
1.86770004487
1.87659708566
1.85636642752
1.81954506437
1.79393024311
1.78224132981
1.62438055377
1.79619173763
1.6258250307
0.0
0.0
0.0
0.0
1.93811591961
2.00560235992
1.88546034717
1.77872210482
1.94078248901
1.83202757644
1.77906809791
1.9300262604
1.78509050373
1.7561224986
1.8434828981
1.91496026328
1.69222549323
2.05603570104
1.9216484063
2.03560052022
1.93924702915
1.94402330626
1.97885420482
1.95912860814
1.8049664665
1.99266031975
1.9000260494
2.05550365005
1.94944353687
1.87148539542
0.0
0.0
0.0
0.0
1.93258434218
1.71949147237
1.8085983633
1.73417226897
2.06338979896
1.78982590885
1.88692634778
1.95632906601
1.83565020546
1.83409913737
1.77626366945
1.76500177739
1.95858224658
1.77209178689
1.83480096921
1.89924660567
1.8048313738
1.93871670326
2.00087982284
1.84617798045
2.05176992335
1.90527660193
1.82374716933
1.88858421603
1.85983649573
1.71558900766
0.0
0.0
0.0
0.0
1.95952007613
1.88043822898
1.87212133785
1.84934446841
1.87255982149
1.87062004229
1.92736468746
1.93617208242
2.03757279135
1.95927721777
1.91896733708
1.9352037416
1.71243412039
1.84660175283
1.8203303958
1.70877853605
1.90858879679
1.71885838988
1.71659814433
1.88253186607
1.86447747242
1.81612784099
1.92804456712
1.83414275462
1.76697447383
1.94137306296
0.0
0.0
0.0
0.0
1.75200430416
1.91534115336
2.34716607657
2.38078793374
2.25756613629
1.7861660168
2.55731908211
2.37990084328
2.3351280037
2.52188455293
2.53746488411
2.22860859734
1.86877782821
1.93869157695
1.91212099882
2.35598883189
1.82562741901
1.99118141512
1.73067720609
1.68887124543
1.81236838389
1.79543133037
1.81554821613
1.66257389832
1.79162551888
1.80232089965
10
