1.18041537847
1.8862894309
1.81083697942
1.85425322346
1.83202494687
1.902186293
1.96364024984
1.7938422365
1.87382362486
1.92413282591
1.86843820082
1.8351607592
1.90875100434
1.92823829203
1.82383124013
1.9290883367
1.95430217751
1.97757894249
1.84782265835
1.8119597842
1.87270485053
1.97444356782
1.87288129399
1.81469603612
1.83115917473
2.01803957734
1.96020812956
1.8287206437
1.81998338821
2.0457077847
1.27207644254
1.765020471
1.82952855139
1.90770976798
1.73815909663
1.78279042401
2.00481145946
1.93743111658
1.76243072939
1.8447206898
1.88887139116
1.85585480462
1.89366246584
1.78644841812
2.01016965342
1.89564923105
1.89437544757
1.84903298105
1.75937807177
1.84347157681
1.79513672493
1.94223357617
1.8516206044
1.63495370584
1.88313208175
1.69211582744
1.78140960647
1.67850505479
1.82828420095
1.73935296843
1.17423727861
1.76227425169
1.8030576644
1.76260320862
1.87727582081
1.93225011998
1.9013592768
1.93268916388
1.87337776682
1.92159731915
1.86378473868
1.86396802071
1.85397735419
1.87732366959
1.94011690627
1.7783003365
1.9331322834
1.98899748778
1.89915523709
1.78620020862
1.76485380823
2.09881915141
1.9029943087
1.94227553299
1.84743497875
1.94724981069
1.852975047
1.77910757845
1.91228924318
1.88005658933
1.24979123811
1.95144979883
1.89465463926
1.97461111239
1.85655911563
1.85808364369
1.9301935818
1.89220221684
1.81295683531
1.81828270433
1.85390570914
1.96072101462
1.81348005038
1.82449661833
1.84882720253
1.85366360304
1.82346039202
1.93670868965
1.93708996108
1.92165119947
1.81973058234
1.85074670603
1.81569423576
1.85773968376
1.66324381227
1.86183343095
1.84408503971
1.85182410832
1.96871606087
1.8977788765
1.17528845303
1.86713189202
1.63974380297
1.66358457841
1.68914740179
1.70943440834
1.81868438942
1.70621300381
1.89682847104
1.90413978825
1.80267378712
1.78261484667
1.91044745434
1.71675085092
1.87693855072
1.84411999312
1.79397147833
1.88579333834
1.93575214596
1.82556488793
1.7058272095
1.88730415705
1.54454374766
1.96458663275
1.73859384394
1.77549042056
1.6130879837
1.76560490897
1.8160952219
1.82473202938
0.933622474159
1.9267422428
1.7548440188
1.78883745936
1.76504661786
1.82343735313
1.818462601
1.80744270949
1.81102600283
1.80884809562
1.52657511042
1.86396758311
1.77509216619
1.92361304597
1.9083568667
1.85743307389
1.91189237017
1.8088943747
1.85015419471
1.82264677783
1.73452073689
1.82234002341
1.84221979401
1.79330523173
1.69436281874
1.73553745867
1.79851623484
1.92365464916
1.84693044714
1.93567972484
1.09233332137
1.78002626994
1.81976357902
1.69690534386
1.83541191429
1.94013949084
1.69867426638
1.76142486027
1.76775338617
1.84681053225
1.80137676271
1.82174906629
1.7731800241
1.74221880454
1.76119999854
1.70462911982
2.02705911902
1.88203268441
1.67025798319
1.81347826111
1.81547009145
1.88937790738
1.78267074593
1.89790823744
1.77345104102
1.81790533417
1.75026888447
1.70917180827
1.86172700916
1.78026562326
1.15188915563
1.8910538544
1.85134808387
1.97466952042
1.84167943605
1.80969826128
1.81069871187
1.89772621186
1.81346712319
1.96121869883
1.92293886489
1.96965391347
1.86685981857
1.84964636619
1.84387637066
1.63946695077
1.74118568851
1.74958093495
1.66391384475
1.71589540102
1.65783820675
1.87646569975
1.65567012035
1.53908460131
1.79431866162
1.70154651965
1.78439804318
1.66875736187
1.80542559473
1.72653877854
1.18957759764
1.76975716678
1.89074420326
1.90152993715
1.74208965969
2.05319988829
1.86032404857
1.71381808344
2.00212822855
1.8943849614
1.88628567457
1.87584333209
1.90839760903
1.80772663039
1.86350985435
2.01566070734
1.77523339208
1.96385366575
1.94423499013
1.79703478268
1.96243305434
2.01770969866
1.69652719203
1.88265754595
1.95780221147
1.98092275658
1.88594665355
1.91851575483
2.08070559151
1.92987270456
1.17916755056
1.72016434618
1.8256971067
1.96255861658
1.82576070142
1.85367360715
1.80414276406
1.97988592956
2.0446459583
1.79664570597
1.89562251188
2.04920935384
1.8644547051
1.7431834462
1.80941593372
1.8049276339
1.94029793796
1.97766017272
1.88989728513
1.77092320171
1.88335788952
1.82840950229
1.95019060293
1.88645905688
1.89225963636
1.91389397119
1.72032532813
1.81482498498
1.79939066442
1.86782215732
1.28416407619
1.93686990925
1.89586960423
1.7947720725
1.7325111562
1.93049961834
1.76924670945
1.8375957686
1.86988113726
1.93400327445
2.02767682626
2.12730490494
1.89139536113
1.84251518267
1.75058692176
1.75136560986
1.97626083709
1.67247557143
1.72354186056
1.85991937155
1.97072895631
1.81555982006
1.68952282594
1.94922520467
1.75734397284
1.87787340673
1.86373985878
2.0390799192
1.887258641
1.72815933776
1.19302412436
1.80783725306
1.93209819274
1.87756201596
1.71065813981
1.87085377836
1.82853144996
1.95695332212
1.82780460755
1.81769543063
1.89682142904
1.86977007295
1.86978434833
1.83496385039
1.85042522035
1.96576794061
1.88475045757
1.73524922467
1.81742971445
1.94196449476
1.88972908108
2.12438518454
1.78764468252
1.77427733968
1.87596943152
1.76852680486
1.95176552908
1.88011712356
1.84355185061
1.85073585642
1.19518409394
2.01158079939
1.73863226858
1.76810341218
1.86210858609
1.8770394552
1.79402667224
1.67587783444
1.7394533833
1.93233783703
1.67405211344
1.80957544637
1.76405858396
1.95240934666
1.76199455051
1.97069670113
1.83365607228
1.68948882338
1.67610950439
1.81362576857
1.70321910278
1.76503057265
1.84322946644
1.77027719599
1.84586912388
1.88333486841
1.72225004361
1.93323541069
1.72237521881
1.76225412628
1.28406643428
1.9220818928
1.84006224936
1.9051157176
1.79306325181
1.74428855074
1.88496254547
1.9122252684
1.72875848494
1.73938536443
1.78422429562
1.86066449187
1.91984569084
1.76420977898
1.87439570151
2.01500429542
1.96756803542
1.84622747912
1.9208479695
1.83590646836
1.84717712848
1.78011075571
1.88806371282
1.81509919551
1.89710917872
1.72501860498
1.87400959734
1.85109381953
1.79990620776
1.89620758756
1.32967646554
1.86767837433
1.89258897748
1.91742097956
1.7747972169
1.8429425295
1.79318957853
1.86142989777
1.75381451366
2.004022972
1.88879114898
1.86471383498
1.73858937534
1.78282955668
1.82251757558
1.99883562791
1.8608362174
1.92972041185
1.78399190571
1.82987799962
1.81378604727
1.82774894602
1.74763885467
1.90762143687
1.77607951085
1.90586595877
1.65069731501
2.0385671723
1.76888013196
1.7882881593
1.22514606734
1.75912010165
1.78399025161
1.93279256919
1.52522750736
1.77779561138
1.80144876184
1.79455241078
1.88137203517
1.87804548826
1.89057430466
1.97941380578
1.85018037944
1.80222914442
1.92985049172
1.83629535347
1.86541316581
1.7925684315
1.85756199148
1.83454203301
1.72513775533
1.92295938305
1.83048436941
1.95149470851
1.84293805845
1.70034515178
1.7917812903
1.75668877405
1.80536748109
1.82861358492
1.22953134959
1.92425300224
1.90208685027
1.83803818373
1.99458259599
1.87531969615
1.93059802502
1.90613051034
1.81777464691
1.93790677485
1.76489352111
1.9717386898
2.02999509302
1.93088870506
1.94067042331
1.92476481298
1.913719716
1.95080740367
1.73315226183
1.90723222984
1.9342119849
1.95770291463
1.87728150956
1.86802003265
1.86485566657
1.9925636391
1.67801024563
1.82382741967
1.90611754378
1.86422822858
1.17590490954
1.88931596984
2.02558222657
1.72088033284
1.81932456527
1.93466601365
1.77874634823
2.01811595357
2.01056144698
1.81700497126
1.83360571613
2.00831964378
1.79928751509
1.92548200062
1.79574262079
1.86146272588
1.94229025947
1.91655888617
1.78925320102
1.78888714081
1.75665605981
1.94441047536
1.90170175801
1.90502121143
1.95526257894
1.81399525073
1.97163832318
1.76838978985
1.82728879415
1.82806629829
1.25774662609
1.9297855945
1.68577949671
1.77714036468
1.82838706083
1.86114492232
1.76342215932
1.84769541638
1.78936063758
1.81653063265
1.73520383943
1.90097396668
1.81729895735
1.72169204807
1.81322878426
1.668335102
1.855367243
1.88517233476
1.96985061328
1.8087516766
1.81746534818
1.92003679239
1.92578580991
1.92284721043
1.95634739421
1.78237402685
1.89288813287
1.78966980149
1.89420090197
2.05488258418
1.2865855006
1.85311140559
1.69688375686
1.78966437639
1.92669532389
1.9402170281
1.88944487171
1.8192367693
1.79699061363
1.78017233417
1.89352825564
1.9589564757
1.71456812193
2.01646785636
1.74807264323
1.94588081554
1.73641854644
1.76811773943
1.54270525479
1.82605949092
1.6943538316
1.87246891149
1.8466312321
1.97620535961
1.95142725963
1.8441404981
1.89423464672
1.97072979211
2.09339893741
1.98101490927
1.21625911301
2.02974542276
1.91220275242
1.98192194942
1.78803891056
1.96218531137
1.77326257074
1.84975646106
1.82028089238
1.7211595411
1.69483763178
1.78828054676
1.79653807196
1.77575453996
1.79447322808
1.76144174948
1.85835686356
1.9441358072
1.72315617454
1.93044953822
1.74019366863
1.90885796364
1.86632842122
1.92245203726
1.92514137772
1.81727275057
1.8631523098
1.67693422234
1.83786508013
1.84057640631
1.36924934142
1.94630567282
1.81539916886
1.93426153344
1.91324904149
1.88550373478
1.87804524076
1.86632983856
1.94545420261
1.78360161195
1.9425979997
1.92350061869
1.85355245297
1.75984183017
1.87328641179
1.89928676564
2.01177557926
1.92809239512
1.81952501742
1.90692340981
1.91823222874
1.78678269203
1.88256723179
1.85000100998
1.76511948787
1.88228225128
1.69795084586
1.80982032686
1.7467839508
1.67202814926
1.16293473155
1.81180960685
1.78323996593
1.87008079029
1.64500040828
1.87323929085
1.75957498657
1.67541702704
1.71630807934
1.74740974052
1.65878810952
1.63491802351
1.93630687769
1.922744784
1.91600162825
1.83962077009
2.02414591179
1.93612353541
1.87820447174
1.8585307495
1.97773448091
1.97344837027
1.87847380249
1.93999957362
1.84839776136
1.89203857635
1.82537807794
1.91672722532
1.85728120508
1.78228355262
1.12710838503
1.87420208221
1.82881492193
1.79991430928
1.76636624269
2.08093340291
1.92283599052
1.90963765076
1.89196986833
1.94588213946
1.80604397623
1.89156737081
1.91002366463
1.99834932484
1.77531066159
1.80066914171
1.83163873971
1.84433143091
1.82585992617
1.82557393391
1.81987654756
1.80145406241
1.94103057936
1.91402630513
1.80528276629
1.90071851942
1.87460715345
1.9329795514
1.83353483672
1.82779242395
1.00447344326
1.76351996293
1.86129845914
1.59900807269
1.62857544847
1.86705841263
1.83753331582
1.80417594646
1.91975745206
1.78285255464
1.88405454669
1.77723063436
1.74645514487
1.63683743238
1.80435398602
1.77862672635
1.9756446514
1.91001007267
2.03729211632
1.90843940363
1.92579947769
1.80493379626
1.86790660603
1.90524448357
1.98836702491
1.97081035248
1.83784220711
1.98973960127
1.89372175821
1.93261575443
1.12721683554
1.97698243784
1.76279202297
1.8180724291
1.71115390034
1.64688620444
1.87310086523
1.9752683274
2.0314691601
1.95967494835
1.98321444182
1.84805730095
1.80253680344
1.96029698214
1.90413780493
1.78359369351
1.77509837982
1.92287113117
1.75943620358
1.80795683988
1.64486858116
1.94043666897
1.76845018634
1.8819633617
1.93489072152
1.88378732991
1.92938702518
1.88890087873
1.83315060722
1.80720414047
1.29647395377
1.73083716124
1.90021788823
1.88460852845
1.73152839993
1.70556546009
1.85788533015
1.55385251827
1.67954273136
1.67259166401
1.6477814768
1.71596850169
1.75596391188
1.67049680365
1.68631307732
1.76976349259
1.60144333585
1.75763694772
1.7563194091
1.89477299842
1.97473721627
1.68509272463
1.82650569213
1.80282344358
1.98932717469
1.95532174658
1.80461573359
1.72975163383
1.80060116484
1.99418027055
1.07064456612
1.86471941551
1.89922509585
1.8266470542
1.83532340484
1.89856960066
1.87081199755
1.93150020129
1.63340205875
1.88871977973
2.04333729554
1.8462639084
1.82739159651
1.77568987648
1.86040246337
2.00737958256
1.87049061688
1.84437232036
1.86487760473
1.74234411036
1.90980462016
1.84587974049
1.8833213687
2.0057363598
1.78480349554
1.83105680022
1.91403509935
1.70290870335
1.87691845082
1.80094115746
1.04237654564
1.90321184291
1.82400611495
1.73162989016
1.8779828156
1.80226613301
1.68222321214
1.76129031807
1.90732031608
1.70854923758
1.87874950723
1.9372396841
1.84651675443
1.76785245202
1.90024599694
1.8873169748
1.70995075123
1.6244548081
1.71553657207
1.88459221015
1.96833688123
1.82571131261
1.74649519407
1.82123481147
2.23780924145
2.16992238859
2.27002904463
2.18446521116
2.18973718116
2.29053111986
0.337645557156
2.2474935094
2.22757456247
2.32418793472
2.14534074042
2.18320121694
2.1357308734
2.44295769165
2.22006065205
2.080008282
1.74528587816
1.81644144279
1.8524354078
1.79403161471
1.74137984547
1.93012275282
1.87619264844
1.8598963786
1.91859864647
1.84882246855
1.85509779034
1.83514028748
1.68985717343
1.85639389563
1.75577107266
1.67003257023
1.94018221493
1.70370183739
1.76830323871
1.7593745186
1.23769937647
1.68678159703
1.7806990031
1.72141589644
1.75681844568
1.71820000884
1.63532762108
1.90493749887
1.79109621502
1.61526238816
1.72428240616
1.7560131789
1.87510697236
1.91350663296
1.81873890081
1.65413840647
1.75315589022
1.80577018823
1.86965251234
1.93874208165
2.05911532325
1.88341806634
1.85620411916
1.82206280227
1.81270260624
1.85244873146
1.75085731681
1.82588109043
1.69265843768
1.82332036572
1.37784492173
2.01174811329
1.82072312819
1.87924888504
1.79423584397
1.92707386399
2.05840470645
1.82829683148
1.93442268184
1.87824962937
1.87067924302
1.81491921914
1.66926185771
1.59881988001
1.84221486049
1.677146412
1.77589509395
1.8072409769
1.64312915307
1.93729754429
1.56511800886
1.86189219952
1.87388849667
1.85595531365
1.8176629068
1.80265209564
1.77921605951
1.62189295555
1.7905337809
1.62255252515
1.12662391465
1.87593516431
1.85090506047
1.90712999616
1.9368400636
2.00136632932
1.88079399781
1.77376570016
1.93534978402
1.829003108
1.77689277219
1.92400006762
1.78334597168
1.7553681294
1.842585464
1.91483915546
1.69352439567
2.05223984245
1.92134476447
2.03199249888
1.93524469898
1.94018242338
1.97465521389
1.95571377206
1.80155094883
1.99007491167
1.90024472997
2.05151065387
1.94659292318
1.86945212436
1.23690032212
1.77357236967
1.87200198084
1.86193457467
1.92395676891
1.71721005568
1.80614875171
1.73051980009
2.05752607345
1.7871346555
1.88388390146
1.95103070347
1.83463172208
1.83346728076
1.77580185708
1.76134818057
1.95591858394
1.76789550209
1.83336207333
1.89378493811
1.796915529
1.93396876044
2.00103970718
1.84172415708
2.04930279607
1.90257637134
1.82188299478
1.8862445179
1.85952604146
1.71198930436
1.18269840859
1.85145801555
1.87674343288
1.76133779426
1.95366155169
1.87923985348
1.86554586302
1.84662443743
1.86992083048
1.86736210676
1.92753759157
1.93287725524
2.03494670534
1.95527857452
1.91673062087
1.93203697038
1.71067940322
1.84471046119
1.81989306622
1.70547818156
1.90667464663
1.71704781659
1.71271166875
1.88006085133
1.86447024422
1.81505494844
1.92435013964
1.83313186887
1.76510656507
1.93866617086
1.16709951022
1.96498560971
1.70658500889
2.0187149732
1.74819524338
1.91324428583
2.34232727586
2.37701191938
2.25015821313
1.78403749572
2.55453088699
2.37400322314
2.32595323142
2.51827004439
2.53237056512
2.22064336323
1.86933688688
1.94039659881
1.90912819942
2.35195927381
1.82374716888
1.98996631051
1.72871601291
1.6899997844
1.80995892573
1.79045405752
1.81432639902
1.65919401287
1.78844695749
1.80342029229
10
