1.86048138971
1.86169614626
1.86106798622
1.86144977295
1.86126206503
1.86371106701
1.86288160743
1.85887787865
1.86258257867
1.85955555629
1.86206956952
1.86450259784
1.86181861292
1.86369406869
1.86211516618
1.86145954155
1.86121292461
1.86263451997
1.86685384188
1.86230621596
1.86253833547
1.8609476891
1.85964428131
1.86168526074
1.86343917729
1.86464474297
1.86166771038
1.86022217571
1.86226584395
1.86434068951
1.86410659734
1.86381022869
1.86378075664
1.8624214458
1.86237051931
1.86403417042
1.86267867454
1.86319096034
1.86137248799
1.86410822664
1.86239805549
1.86251361515
1.86301473408
1.86242390557
1.86323675619
1.86347540496
1.86701368091
1.86324660569
1.86286984071
1.86344446042
1.86294701479
1.8616625395
1.86205123513
1.86255276572
1.86086730129
1.86241499325
1.86200980067
1.86399064555
1.86298907207
1.86354388374
1.85952454066
