1.17847768269
1.88108863216
1.808697453
1.8514387833
1.83001005929
1.9014912164
1.96025653938
1.79102206377
1.87166566073
1.91956695114
1.86826035357
1.82930626706
1.90362820324
1.92570455388
1.81779187619
1.92579306734
1.95323045846
1.97596785886
1.84587945845
1.81034544714
1.87179298694
1.97266736519
1.87000467837
1.81310896494
1.82931142202
2.00014244806
1.95747784116
1.82744027201
1.81405302262
2.0420000005
1.26617504155
1.7604745092
1.830586877
1.90613460243
1.73576408718
1.78435622719
2.00324205449
1.93319946874
1.75954413169
1.84097140998
1.88558922685
1.85341897071
1.89168140135
1.78319510684
2.00600265786
1.89563814933
1.89148678281
1.8444348431
1.75682080023
1.84223718797
1.79059388955
1.93936221574
1.85149262366
1.63205960924
1.88661817472
1.70239699521
1.77883072809
1.67404397224
1.82670652453
1.73289244419
1.17316456548
1.75600355777
1.79977303368
1.75941866519
1.87399962198
1.925503156
1.89963254284
1.93057756124
1.8679395535
1.91999362698
1.86160355255
1.86125546463
1.85007086165
1.87468332775
1.94062250938
1.77254256081
1.927961041
1.9842255608
1.89636423832
1.78690204933
1.76371726471
2.09812981021
1.90124872768
1.94335301082
1.84790559738
1.95089583966
1.85233917629
1.77876326802
1.91124444665
1.8766770772
1.24700741791
1.94847609511
1.89278628294
1.97413645471
1.84939969307
1.85358289793
1.92897416682
1.89105168373
1.81458231339
1.81587675347
1.85072556374
1.95825297826
1.81036836857
1.82295385333
1.84407400147
1.8498266965
1.82119892585
1.93374750663
1.93642932796
1.91847248446
1.81729844335
1.85000053129
1.81748147818
1.85726813772
1.66375657209
1.86274215621
1.83716503148
1.85152432084
1.96640358578
1.89484089587
1.17310126597
1.86773278548
1.63807833139
1.65760834128
1.68742173401
1.7081150791
1.81552441833
1.70350368206
1.8952161204
1.90453931983
1.80161795887
1.78296457118
1.90699453371
1.71651586646
1.87509582284
1.84426915367
1.79099273922
1.88406558329
1.93066668128
1.82499385801
1.70650933547
1.88326078222
1.5450719435
1.96374610672
1.73829001425
1.77391669355
1.61067340923
1.76510340058
1.81425914039
1.8252095476
0.933575117983
1.92398301693
1.75093254835
1.78709993481
1.7636370495
1.81842828043
1.81483127344
1.80661409399
1.80739936293
1.80540539799
1.51987764209
1.8647105933
1.77184371778
1.92154675944
1.90559238461
1.85436090793
1.90599468254
1.80633061446
1.84470866105
1.81881114712
1.7304914074
1.81878470366
1.84197315308
1.78966359526
1.69019279779
1.73064264512
1.79715477019
1.92246471377
1.84841915842
1.93257976124
1.09290813528
1.77561398107
1.81398986379
1.69355262244
1.83138520945
1.9367878936
1.69535843417
1.75756858382
1.76103563149
1.8444871425
1.79572342283
1.81868284151
1.77044513826
1.74094803194
1.75705691506
1.70254550588
2.02159597853
1.8781264055
1.66560746475
1.81031627763
1.81153681031
1.88390415884
1.77632814128
1.89429307783
1.77127944774
1.81248992109
1.74573296856
1.70664514885
1.85738286684
1.77834165006
1.15280647449
1.88704097074
1.8471443314
1.97022050062
1.83690336361
1.80624434723
1.80708957371
1.89359226775
1.8106639427
1.95942862096
1.91941685293
1.96597337423
1.8655242322
1.84860954266
1.84433057509
1.63610503059
1.73904321571
1.74644952321
1.66057202839
1.71365556136
1.65431436682
1.87511711305
1.65410848343
1.53676844527
1.79078725483
1.69936737156
1.78253980439
1.66348590485
1.80043652964
1.72268558901
1.1814592242
1.76707082462
1.89129865029
1.89646245425
1.73897944445
2.05305018443
1.85814524585
1.7087472121
1.99235846776
1.89275328993
1.8808796595
1.87218836332
1.90011455171
1.80016464501
1.86035810362
2.01537079166
1.77390465374
1.95805573156
1.93913048877
1.79283637082
1.95896773146
2.0055972007
1.6890806798
1.87734638034
1.95081047219
1.97336601496
1.88258371453
1.91306323905
2.07309939835
1.92773980568
1.1740988718
1.71712629136
1.82289695609
1.95995442071
1.82603560782
1.85148416408
1.8026816363
1.97687434476
2.04378045346
1.79412224769
1.89540613521
2.04894062779
1.86132476676
1.74260385809
1.80334772552
1.80287237157
1.93933725355
1.97376599441
1.88889620128
1.76667359782
1.88021074595
1.82695046996
1.95044510998
1.88509607723
1.89013008854
1.91035952209
1.71397685922
1.81175136505
1.79881894524
1.86632640765
1.28281507956
1.93298982428
1.88760159255
1.79442197125
1.73224247667
1.93193317098
1.772802931
1.83720165299
1.8622163706
1.93075559017
2.02372798784
2.12352819403
1.88900804712
1.84071338723
1.74945080125
1.74840652785
1.97566573165
1.66605037706
1.72218642448
1.85923759658
1.96898457053
1.81132052026
1.68639570875
1.94444770078
1.75085132912
1.87078600758
1.85857836969
2.03383112325
1.88544431287
1.72231363192
1.18868843947
1.80522147325
1.92897666209
1.87478319985
1.70687418311
1.86317750619
1.82341246712
1.94919266293
1.82730147206
1.81383106319
1.89226429581
1.86120567267
1.86301528367
1.83180496935
1.84927066242
1.96160730246
1.88317091975
1.73039478087
1.8130848523
1.93837280571
1.8841552648
2.1202226616
1.78579142498
1.77061893493
1.87623186397
1.76324945834
1.94977600913
1.87621086056
1.83872349777
1.84489672196
1.18953020922
2.00926612299
1.73165737548
1.76421254628
1.85865248054
1.87241984694
1.78955497693
1.67202740301
1.73639111969
1.93003943113
1.67071813268
1.80691533996
1.75823613491
1.95002333716
1.75762367324
1.96916208572
1.83022222407
1.68486544675
1.66796709158
1.81116529859
1.69827539669
1.76281899802
1.83926842349
1.76458371941
1.84616811982
1.88039697261
1.7190294191
1.92971428564
1.71720353004
1.75476484086
1.27828677856
1.91858574076
1.83409488613
1.8977240126
1.78826307244
1.73754103326
1.8802675266
1.90991009842
1.72530127946
1.73471534513
1.78252522646
1.85773659609
1.91772012017
1.76001092415
1.87239323159
2.0173243707
1.96532350777
1.84330028705
1.91643408215
1.8365339129
1.84750335625
1.77798653272
1.88743764354
1.81258474387
1.89205682903
1.72402191372
1.87480043364
1.84601193339
1.79835033547
1.89384534819
1.32941940045
1.86233864314
1.89195803096
1.91621073189
1.76828283622
1.83762497866
1.7924042144
1.86075622414
1.74904617112
2.00193963199
1.88331655114
1.86169970186
1.73316641993
1.78131232098
1.82085055445
1.99626049832
1.8581898214
1.92797482568
1.77508250809
1.82413329371
1.81006047836
1.82487425843
1.74354089713
1.90094694716
1.77407870876
1.90177217528
1.64577046932
2.03333980125
1.76099544278
1.78423590947
1.22230026271
1.75885031883
1.77864735359
1.93038751697
1.5211541097
1.77229955963
1.79461414944
1.78753883971
1.87679934465
1.87546189867
1.88777062518
1.97587094056
1.84385894748
1.79872743861
1.92589467267
1.83200922141
1.86116136938
1.78713294218
1.85388662491
1.8360248968
1.72082134198
1.91944861581
1.82526651629
1.94898218332
1.84080251299
1.69594333883
1.78540515108
1.75232522242
1.7979730283
1.82178077236
1.17918312038
1.87309971703
1.89925809551
1.83172946014
1.99132077275
1.87361244167
1.92587974159
1.90527338425
1.81510529248
1.93481821739
1.75970660944
1.96840397303
2.02830734221
1.92691903794
1.93730072106
1.91775770551
1.91476309121
1.94574266515
1.73282160226
1.90241924938
1.92762160499
1.95447175308
1.87120410904
1.86344788179
1.86042256505
1.98886256343
1.67528591839
1.81913500541
1.90515553894
1.86298903122
1.11691739894
1.88512006232
2.02345411541
1.71738636791
1.81532953766
1.92925419296
1.77359273245
2.01380334611
2.00622169832
1.81165312759
1.82708420233
2.00738474668
1.79754818293
1.92008863852
1.79084107803
1.85330532233
1.93617495308
1.91186935386
1.78428532004
1.78521469631
1.75301975135
1.94337425643
1.89735714593
1.89803657757
1.95476600528
1.81547549767
1.96797096751
1.7644867565
1.82491177419
1.82583819576
1.25247948811
1.90182563881
1.67989824492
1.7761521644
1.82178315587
1.85621246119
1.7576439461
1.84489503418
1.78486382791
1.8140050226
1.72716702635
1.89659262265
1.81142338073
1.71839183961
1.80565815816
1.66135788619
1.85138809142
1.88202400013
1.96582073851
1.80132709252
1.81308684445
1.91662937887
1.92281145943
1.91308613548
1.95129300999
1.7772041594
1.88878782909
1.7867136738
1.88695639286
2.05179864963
1.281066223
1.83748502351
1.69481756
1.78311858142
1.92057703023
1.9344453091
1.88362107334
1.80956861472
1.79217879694
1.77575477228
1.8877254689
1.95609665568
1.70470457445
2.00789240143
1.74396572476
1.93989870712
1.73193020859
1.76434260783
1.53711480531
1.81485976559
1.68938315392
1.86734815401
1.84565282244
1.97714088119
1.9528748007
1.84061760154
1.89205577989
1.96460677259
2.08806234605
1.9761205062
1.21247738136
2.0233641119
1.90662578627
1.97932079737
1.78574832283
1.9580811474
1.76666480198
1.8463227282
1.81557198591
1.71139159084
1.69136839814
1.78087510987
1.7881664954
1.76395584464
1.78109939261
1.75608555781
1.85170625687
1.93711969819
1.71911515594
1.92212568075
1.73579982494
1.90104896293
1.8601336506
1.91334237791
1.92394098544
1.81296920873
1.85925567866
1.6725210521
1.83546442904
1.83867376798
1.36480628701
1.94114976544
1.80883150319
1.93008254712
1.91251269258
1.87986948338
1.8726027884
1.86575916497
1.94125933028
1.77566866051
1.93905068208
1.92488820033
1.85268482564
1.75822565212
1.87341094411
1.8948771075
2.00822666101
1.92509961146
1.81460656715
1.90357611598
1.91786612608
1.78297051136
1.8767925173
1.84732165867
1.76143745968
1.87880135727
1.69348852596
1.80493569276
1.74111356444
1.66879708602
1.16122329769
1.80478854263
1.7765105533
1.86357747173
1.63800074209
1.86613819838
1.75106479008
1.66711108666
1.70895186784
1.73898408973
1.64721504628
1.62993172788
1.93404837664
1.92001635975
1.91602641989
1.83910303449
2.01846994586
1.93490042647
1.87522336107
1.8555272031
1.97443415187
1.96927182279
1.87414888364
1.9352835329
1.84278395964
1.88985518538
1.82057413032
1.91426502104
1.85163050061
1.77584561397
1.12268737814
1.8668473273
1.82344979346
1.79484447377
1.75553145984
2.0755075001
1.91638240754
1.90927539122
1.88332223828
1.94149341403
1.79853618026
1.88551622578
1.90002424656
1.99403207383
1.76521102361
1.80114156293
1.82481791086
1.83497066702
1.82075134837
1.819658025
1.816461951
1.79482737894
1.93044578197
1.9114383468
1.79989020788
1.89834489021
1.86503603736
1.92396029132
1.82760604649
1.82319214081
0.998902830005
1.75906321778
1.85841319924
1.59770852441
1.62379409353
1.86270232628
1.83273086953
1.80095123718
1.91667734482
1.78464517428
1.88060050321
1.77138572643
1.74605308292
1.63760596639
1.80459193859
1.77598095592
1.97309652349
1.90322100373
2.03451302074
1.90569708061
1.9243581752
1.80650436805
1.86295091023
1.90279401989
1.99131509019
1.97254825208
1.83640301398
1.98816555418
1.8967449198
1.93135281511
1.12586511469
1.97637124917
1.76025821118
1.81754038298
1.70731369987
1.64472896441
1.87177767055
1.97379289537
2.02903287888
1.95614313637
1.97898946362
1.8461218244
1.80018775361
1.95737634494
1.90511739161
1.77869851825
1.77179527321
1.91713963869
1.75560681986
1.80854333573
1.64257479716
1.93629899354
1.76488262722
1.87676528017
1.93393619577
1.87791775572
1.92420217027
1.8864450006
1.83318457088
1.80489291961
1.29267860617
1.72783040504
1.8973223657
1.88383429966
1.73168952343
1.70175935288
1.8551327485
1.55229239797
1.68015014678
1.6714915454
1.64602799512
1.71501906802
1.75482264691
1.66707167755
1.68072508237
1.76527062933
1.59556939281
1.75191910818
1.7537343854
1.89337982048
1.97470388773
1.68543461126
1.8268011707
1.80194907945
1.98732351122
1.95268624465
1.80144266814
1.72822983895
1.79842916832
1.99031464066
1.06925719829
1.8631951888
1.89456032318
1.82291525826
1.83102870578
1.89723746579
1.86721644716
1.93006920131
1.63175304904
1.88749361746
2.04337315449
1.84355963007
1.82377960484
1.77563892857
1.85836398957
2.00698257517
1.86611292296
1.83939497981
1.86174183219
1.74229915446
1.9079898134
1.84596018193
1.88183240066
2.00665121378
1.78103263635
1.82807982565
1.91101996268
1.70434681009
1.87478688904
1.7990650661
1.04031505881
1.89849609694
1.823841193
1.72797314827
1.87566948202
1.80031527762
1.67763635797
1.759229458
1.90209842013
1.70646883907
1.87534876941
1.93399819707
1.84560285223
1.76473580621
1.89562488809
1.88439867519
1.7051880579
1.62363025346
1.71137033507
1.88141444352
1.96687859335
1.81945802547
1.74438391179
1.81799231705
2.23521798478
2.16735770476
2.2676205402
2.18303324031
2.18860762721
2.29003109247
0.334839532491
2.24806598222
2.22972571166
2.32187196887
2.14422033002
2.17996063156
2.12989507134
2.44305873706
2.21757836912
2.07878362456
1.74337766383
1.81043359051
1.84740703601
1.79061798035
1.73787126937
1.92870651356
1.87513900382
1.85751748992
1.91333366427
1.84621862557
1.84898060323
1.83580313664
1.68843185915
1.85238184374
1.75317414808
1.66321833105
1.93743768909
1.70147981669
1.76582868451
1.75685311839
1.23523682797
1.68206635238
1.77729026501
1.717493063
1.75310623224
1.71588245076
1.63388284564
1.90210055958
1.78743053336
1.6127625545
1.71940830626
1.75381517367
1.87071230844
1.91266840477
1.81528067646
1.6518486859
1.75103091687
1.80262971212
1.8643834008
1.93484233717
2.05496069052
1.87904670009
1.85289284373
1.8159367353
1.81079080265
1.82080075513
1.74373425703
1.82205243433
1.68901421953
1.81965104456
1.37665693487
2.00684264929
1.82001893321
1.87748150946
1.79379889318
1.92361456535
2.05438574786
1.82841806084
1.93857794492
1.87708994941
1.86592618013
1.81220325665
1.66641146267
1.59653994704
1.84382256964
1.67627497226
1.77200568189
1.80482422897
1.64073296345
1.93480433717
1.55886775938
1.86071045435
1.86851944743
1.85126530972
1.81405061769
1.79027987377
1.77740962851
1.61845779932
1.78723784962
1.62001310058
1.12243157904
1.8726257059
1.84908199803
1.90019723101
1.93251723357
1.99271737673
1.87682161939
1.76951499087
1.9315786971
1.82385714392
1.7711990253
1.9219551274
1.77559933442
1.74719006341
1.83771295773
1.90460014312
1.68390117216
2.04853403986
1.91409171745
2.02930406278
1.92837577008
1.93452051408
1.96814338819
1.95545858917
1.79955897979
1.98382138229
1.89452489907
2.04801615274
1.94235232073
1.86629068891
1.23298398117
1.76978427758
1.86606167758
1.85532309394
1.92554040337
1.71176337932
1.8016215928
1.72096947582
2.05060741444
1.77836073912
1.87613813399
1.94550505496
1.8285734271
1.82844035755
1.76950256801
1.7534247983
1.94872978029
1.75959121982
1.82966155164
1.89360264839
1.79677624497
1.92893966925
1.99618914964
1.8384249648
2.04311413424
1.89939583113
1.81736396045
1.8842295318
1.85478831763
1.70644126138
1.18206396582
1.84428674387
1.87406972962
1.75839874799
1.95334330457
1.87674466023
1.8628689552
1.83978935345
1.86701590066
1.86777502863
1.9222011296
1.93127344128
2.02995961764
1.95330440223
1.91561155166
1.92861609236
1.70799900468
1.84029648924
1.81315819245
1.69788310689
1.9058941296
1.71064451214
1.71198512494
1.8745318679
1.8616792267
1.81054339937
1.92080418605
1.82838262848
1.76380634794
1.93615299769
1.16433813381
1.96174765033
1.7010154495
2.01718051709
1.74717381059
1.91255673146
2.3362904672
2.37337306479
2.25104331661
1.77889389307
2.55106324745
2.36931555495
2.32622528209
2.51524964776
2.52945463446
2.2165297756
1.86700358142
1.93647826561
1.9103095785
2.3517267956
1.81952725613
1.98824023099
1.72304937889
1.68567624121
1.81058787617
1.7924713852
1.81000198614
1.65680070033
1.78487350659
1.79938563084
10
